1.912252172232948000e+16
2.663078535935872800e+16
2.246171986231980400e+16
2.214552124709245200e+16
2.364378439538118400e+16
2.001485254946356000e+16
2.282270478796399600e+16
2.989403457321361600e+16
2.323953461617896800e+16
1.329418388655639800e+16
2.269790584471924800e+16
2.482052938105837600e+16
1.664661577657383400e+16
2.238294040790109600e+16
2.857086497514695600e+16
2.102264885070153600e+16
2.018718994200964800e+16
2.718602731812697200e+16
2.215662693416838800e+16
2.898528687023769200e+16
2.671984020384408400e+16
2.669811267542742400e+16
2.149756904278378400e+16
2.012728952498832000e+16
2.610778240721848800e+16
2.906157345588690800e+16
1.990131330246297200e+16
2.555608360914112000e+16
2.374833987713349600e+16
2.370381222979308000e+16
2.294298813838509200e+16
3.093593190217694800e+16
2.695864310422599200e+16
2.624324525300697600e+16
2.954583390393863200e+16
2.534426015877067600e+16
2.593577242791660000e+16
2.077565731001400400e+16
2.433435532675644800e+16
2.770757528000158000e+16
2.912035568752787600e+16
3.240056263758092400e+16
1.832683109619105600e+16
1.936490766532726000e+16
2.307935589518548800e+16
2.433563889356796400e+16
2.514108380593966000e+16
1.856651592991618400e+16
1.373420260869737600e+16
1.627532240068341000e+16
1.327962932155159600e+16
1.711542615477269200e+16
1.724273813358514600e+16
2.259457645917360000e+16
2.370923780357670400e+16
1.635636327078891400e+16
2.232650720971672000e+16
1.601388894218120800e+16
1.564841870610827200e+16
1.758327815674019000e+16
2.149123109110873200e+16
2.195862539595783200e+16
1.685313632290611600e+16
2.090229200431904000e+16
1.657183328218429200e+16
1.331597725834665800e+16
2.433848310169098400e+16
2.136539313442377600e+16
1.647883711516132600e+16
1.917603652510902800e+16
1.690558044748930400e+16
2.234873873783494800e+16
1.666207890778196200e+16
2.224100412138793200e+16
1.627083708890678400e+16
1.437158526901506800e+16
2.412489877225000800e+16
2.355422593684841600e+16
1.425387856154056400e+16
1.429733618558188600e+16
2.223718224453821600e+16
2.604832588968152000e+16
2.113860199258651600e+16
1.724441363155492600e+16
1.429220258313439800e+16
1.747632168179403200e+16
2.055183587808788800e+16
1.415176075596141000e+16
1.526483605758885000e+16
1.711470391779183600e+16
2.182206051303890400e+16
1.955852632329896800e+16
1.952826534067998400e+16
1.612902819786327400e+16
2.346395910638575600e+16
2.152518447629529200e+16
2.426075722388142000e+16
1.668380103215947400e+16
2.762608547995674000e+16
2.418510867768754800e+16
2.022067715305570400e+16
1.701684800767220400e+16
2.443847014743472400e+16
2.017995004027218000e+16
1.868604389306942000e+16
2.605102721278615600e+16
2.670574369613364400e+16
1.811932453811346000e+16
2.153047321227889200e+16
2.676085890260238000e+16
2.533512103854402400e+16
1.600808188960041000e+16
1.709606234253164400e+16
1.715952486368616200e+16
2.053968843448621600e+16
1.972309631591122000e+16
2.461712557721252800e+16
2.567022867007323600e+16
2.025102474742002000e+16
2.199233303666141600e+16
2.578932142120254000e+16
1.940350002651178800e+16
2.276301109599058800e+16
1.884977346074737200e+16
1.877755276032366000e+16
2.292925873607560800e+16
2.174867989865793200e+16
2.038939196034009600e+16
1.853434240789615600e+16
1.346178229233546800e+16
1.882914874463386000e+16
1.781059419751366000e+16
1.758194240885825600e+16
1.977673400570661600e+16
2.287679772440347600e+16
2.013287867900935600e+16
2.206481017751447200e+16
2.187418261340744800e+16
2.372909824300839200e+16
1.654071498554083400e+16
2.199444596233570000e+16
2.186098561789414800e+16
2.870048618508094000e+16
1.618385731296942800e+16
2.343197034635096800e+16
2.689688890097911200e+16
1.607340323657224600e+16
1.507510090725960600e+16
2.239969500457688000e+16
1.720695778074901800e+16
2.334090778090488000e+16
2.552516985684276800e+16
2.507966114003616400e+16
3.008291278331150400e+16
2.419868136225571200e+16
2.546246117791134800e+16
2.749333107317233600e+16
2.642830494062115200e+16
1.672113747615703000e+16
1.995245309178073600e+16
2.244485863929722800e+16
2.326084745060195200e+16
2.604294478790437200e+16
2.246563237705331200e+16
1.727815552773620600e+16
2.268182467289312000e+16
2.976869950505661600e+16
2.733373155781062000e+16
2.063995992050016400e+16
2.154662984312224400e+16
2.241000910743419200e+16
2.981570419638606800e+16
1.574857363743396600e+16
1.949497323499161200e+16
2.478942473149434400e+16
2.016177231827600000e+16
2.174791251147704400e+16
2.705421942068577200e+16
2.040286416318811600e+16
1.694022708537325200e+16
2.637171200915829600e+16
2.635472170949526400e+16
2.361624490480112400e+16
2.537388721790838400e+16
2.452384189580764400e+16
2.545951430691456400e+16
1.026386017100577400e+16
2.820172721668040400e+16
2.518044287064773200e+16
2.197014039758312400e+16
2.451037971694844800e+16
1.981496180127378000e+16
1.737237863826560200e+16
2.246966513019676800e+16
2.225580721398999200e+16
2.206598558027809200e+16
2.079232623744782400e+16
2.356852570329524000e+16
1.807536307446770800e+16
2.524456562955155600e+16
2.726590061285048000e+16
2.551523751291356400e+16
1.974241903957303600e+16
1.977938885870883200e+16
2.863303302098690400e+16
2.140396879807651200e+16
1.556624744160031400e+16
2.444608198323849600e+16
2.067141121196420000e+16
1.661353839046533000e+16
2.154538800080590400e+16
1.939171400843762400e+16
2.274168165585764400e+16
2.534961849804639600e+16
1.360304007151913800e+16
2.156084774884016400e+16
1.696667300841086000e+16
2.223185853572826800e+16
2.219827310517516400e+16
2.107569106513065200e+16
2.288225595274317200e+16
2.551644861345327200e+16
2.409231381349093600e+16
2.193009837042754000e+16
2.770259936214549600e+16
1.815333734944934800e+16
2.401462124468682400e+16
1.750821557208269600e+16
1.258657925297380000e+16
2.502673377464139600e+16
1.431863044667874400e+16
1.770092795504234400e+16
2.363246870337814800e+16
1.303092885299138200e+16
2.695848771577867600e+16
1.887314559374416400e+16
1.884585920108868000e+16
2.489534985782848400e+16
2.474489334382422400e+16
1.843909255491497200e+16
2.369532784071586800e+16
2.518962281918258000e+16
1.780688428864632200e+16
1.425929317026993000e+16
2.281341033001533600e+16
2.227249590486494800e+16
2.347375905090295200e+16
2.234488000789600800e+16
2.251422135154360000e+16
1.629127393792745600e+16
2.580193411975599600e+16
2.863094591617569200e+16
2.251312582681029600e+16
1.609116004311039000e+16
1.946760627218689600e+16
2.024850839827166800e+16
2.602333089327018400e+16
1.694586922302351200e+16
2.658491828056429200e+16
2.151944745166767200e+16
2.681117773329427600e+16
1.701477838711248400e+16
2.218346689096099600e+16
2.147854750217032400e+16
2.453970592939670400e+16
2.505426611516476400e+16
2.849506453541369200e+16
2.221494601999794800e+16
2.458426706587346000e+16
2.489084407478014000e+16
2.392600076452194800e+16
2.425979630339227600e+16
1.565920863427123000e+16
2.501536027407228000e+16
2.246454002717116400e+16
2.482114661488034400e+16
2.630328359822804000e+16
1.761459068862571000e+16
2.015720955878313200e+16
2.193247252589413600e+16
2.673277248960012000e+16
2.463549963884090000e+16
1.752615814473761600e+16
2.534842123185974800e+16
2.516683003526927200e+16
2.813651424382359600e+16
2.206954727451456000e+16
1.539128185974993800e+16
2.290184029346005200e+16
2.596543656580025600e+16
2.673280906046469200e+16
2.088360481037666000e+16
2.035979135870251200e+16
2.147628846782056400e+16
2.623458952455486000e+16
2.235931982521286000e+16
2.258612674799310000e+16
2.556313599147930000e+16
2.545436026766048400e+16
1.811054344503676400e+16
2.566716085865706800e+16
2.579384145909532000e+16
1.258123090088688200e+16
1.691826166789965600e+16
1.695979007735166400e+16
2.405780188506769200e+16
1.893357775272390800e+16
2.007936224392106000e+16
2.227916995623250800e+16
2.197425468368716000e+16
1.361526353000354600e+16
2.795373407542771200e+16
2.177525708243982400e+16
2.703647457804912400e+16
1.661652143887740600e+16
1.360201249222008200e+16
2.116713176218044400e+16
1.603499003043963200e+16
2.194922943793537600e+16
2.142126984331294000e+16
1.941085168454481600e+16
2.892199696443519200e+16
2.384873020254658000e+16
2.260542101094186000e+16
2.461256460459164800e+16
1.657183936020591400e+16
2.541478707635897200e+16
2.512988455967940800e+16
1.801043644731395600e+16
2.575044319089823200e+16
2.373136127623874000e+16
2.572900444067730800e+16
2.475779611011853200e+16
2.775350545456851200e+16
1.977014030277772400e+16
1.830513073175222000e+16
2.612305396148858000e+16
2.054508544344857600e+16
2.426744063824288800e+16
2.496826507086310400e+16
1.753167063955330200e+16
2.582009995168975200e+16
3.122440572421956400e+16
1.722763913653787400e+16
2.584423663528507600e+16
2.000293249729532400e+16
2.028602056018806000e+16
2.057424994714978000e+16
1.622150544982841000e+16
2.650477341532871200e+16
1.667187945617614800e+16
2.486117906295339600e+16
2.554803599534153600e+16
2.059945740158608400e+16
2.606485255518550400e+16
2.216125354947913600e+16
2.841975905566736400e+16
2.253996332997912800e+16
2.341435747323192800e+16
2.659378366406389200e+16
2.556968700028116800e+16
2.434718108973131200e+16
2.511711321407768800e+16
1.697190851380048600e+16
2.415868032749817600e+16
1.812391204721750400e+16
2.914145258212984400e+16
2.446991325558750400e+16
2.455498496807193200e+16
1.690809226701725200e+16
2.329771842255291200e+16
2.020111373414127200e+16
2.553947294913388000e+16
2.345742046726044000e+16
2.726425947968046000e+16
2.611678551297759600e+16
2.429938562797748400e+16
2.348235471751975200e+16
1.751841001725113600e+16
2.046613810520311600e+16
1.827139358400886000e+16
2.345285297398533200e+16
2.373313131714054800e+16
2.614664610364157600e+16
3.019686228100830800e+16
2.498397230846521200e+16
2.228314236239138000e+16
2.570512292443980400e+16
1.597271213109282800e+16
2.690220198828213200e+16
2.430771705896827200e+16
3.034150969048256400e+16
1.978464324964214800e+16
2.631587948716432000e+16
2.113874469363551600e+16
2.915719019571131200e+16
2.084088584409586800e+16
2.337423593113658000e+16
2.009713762504225200e+16
1.665478281892460200e+16
2.011445921770892000e+16
2.671256641409456000e+16
9.324474628361674000e+15
2.137087655754642000e+16
1.903212182156173600e+16
1.656724511315470200e+16
2.166929678927383600e+16
2.770210417836765200e+16
2.793593265706051200e+16
2.257160764292033600e+16
2.501576631618566000e+16
2.375963771142106800e+16
2.376663655412221600e+16
2.735440883902494000e+16
2.201897725049560000e+16
2.377313307554451600e+16
2.807924414937560800e+16
2.573034755566602000e+16
2.393588666664879600e+16
1.811999171358670400e+16
2.201602573009116400e+16
1.998773568030666000e+16
1.649633034092944200e+16
2.156622418282030800e+16
2.022540775596706000e+16
2.084869760613657600e+16
1.959608741384572800e+16
2.434486438767151200e+16
2.604380143976448400e+16
2.117108079748312400e+16
2.467596368830518800e+16
2.068223417493623600e+16
2.463040163973394400e+16
2.028863045040250000e+16
2.130769532695728400e+16
2.029787514405869600e+16
2.014054274227715600e+16
2.380661490746104400e+16
2.420282184367618400e+16
1.612845892401903200e+16
3.090828332423121600e+16
1.814074092949437200e+16
2.323868315068974400e+16
2.330560605924350800e+16
2.075205180036003200e+16
2.714538020453292400e+16
2.122999687809217600e+16
2.484534571852311600e+16
2.007867111518081600e+16
2.506636343024157200e+16
2.497798619998130400e+16
2.070542191533292000e+16
1.876552560003054400e+16
2.174540291226554000e+16
2.391805197579245200e+16
1.927971557740556800e+16
1.668704278185135400e+16
2.517117011378031200e+16
2.181263337849882800e+16
1.632128464396376400e+16
2.051749283597765600e+16
2.498232306210572000e+16
2.101446537270912000e+16
2.346829164867216400e+16
2.028346334277894800e+16
2.703410283619138000e+16
2.129846408134477600e+16
2.364996269220181600e+16
1.841118879988863200e+16
2.000873463258362400e+16
2.339852522552456400e+16
2.202777509300784400e+16
2.428805403402347200e+16
2.847438738696243200e+16
2.446557078459615600e+16
2.181618304021328000e+16
2.758692654337901200e+16
2.875605745636274400e+16
2.187369421482376000e+16
1.413128238006405800e+16
2.598985287511494400e+16
1.376510722134020200e+16
2.871898774731662000e+16
2.382979678653842000e+16
2.223919732087004400e+16
1.988518861339936400e+16
2.376714193965026800e+16
2.288901943688139600e+16
2.398725853561738800e+16
1.869310446382058000e+16
1.819351647473086400e+16
2.376846595438727600e+16
1.939665138750405600e+16
2.794535266885947200e+16
2.234934931957429600e+16
2.099804384369134800e+16
2.716671102696541200e+16
1.777418361575447200e+16
2.212056706301168400e+16
2.780493371673636800e+16
2.216177560216580000e+16
1.690979131543336000e+16
2.899017675293497200e+16
2.034907557641430000e+16
2.273481381429115200e+16
1.612458327940202800e+16
2.294548086242934800e+16
2.445179266548554800e+16
1.806371300319682000e+16
2.607452452248847600e+16
1.650422612055291000e+16
2.365978836213316400e+16
2.188982790741191600e+16
2.529266959730542000e+16
2.077490127525050400e+16
2.642316704591602000e+16
2.213328452216142400e+16
2.545348649854863600e+16
2.407053418391362000e+16
2.250526436970482000e+16
2.605792784095345200e+16
1.788253331592701200e+16
2.927663470785260000e+16
1.971362485032099200e+16
2.374613327236652800e+16
2.281611096534872400e+16
2.556260135127298800e+16
1.711812689025271400e+16
2.025885383691919600e+16
1.814789393181974000e+16
2.095601992352319600e+16
2.664932548568919600e+16
2.549474583166281200e+16
2.070824243621700400e+16
2.525602558815827200e+16
2.546746508235099600e+16
1.577668242060675600e+16
2.318761858507706800e+16
2.503335083207161200e+16
3.332364342028620800e+16
2.344373510353760000e+16
2.628014738240868400e+16
2.107784647201570000e+16
2.405753535214838000e+16
2.662273498414838400e+16
2.574148319310909600e+16
1.281203634197079200e+16
1.967963170517165200e+16
1.984062273952752400e+16
2.146706882177842400e+16
1.639046214693435000e+16
2.181164202728732800e+16
2.760817096356679600e+16
2.072519816002478800e+16
2.118548597107640800e+16
1.980396898152755200e+16
2.871905622252305600e+16
2.142720324062715200e+16
2.319626140730627200e+16
2.637588394032098000e+16
2.425082427866455600e+16
1.798752722145874800e+16
2.230495761807345600e+16
2.352908892167670400e+16
2.835083255548938800e+16
1.825696884376991200e+16
2.553559023926918800e+16
2.368800905403082000e+16
2.202438835035143200e+16
1.703540759002158800e+16
2.363025799617388400e+16
2.325959930541500000e+16
2.893490692614126000e+16
2.652275062066076000e+16
1.562304845406855000e+16
2.285315690887058800e+16
2.853717005239996000e+16
2.413355487708729200e+16
2.568084933347353200e+16
1.803159405449562000e+16
2.812902766905808000e+16
1.993280751209833200e+16
2.157733153035335600e+16
3.034676571633775200e+16
2.366230619689615200e+16
2.429864371462697200e+16
2.303909912486592800e+16
2.726245394891746800e+16
1.890595274476461200e+16
2.452704055027653600e+16
1.845722821976299200e+16
2.343851227156272800e+16
2.803389636793206800e+16
2.244354180133760400e+16
2.644267463353965200e+16
2.369662685952203600e+16
3.014620493695530800e+16
2.197235989292885200e+16
3.204052928611901200e+16
2.131996898275971200e+16
2.301820721141982800e+16
2.679121264866596400e+16
2.088325590271706000e+16
2.747399512574409600e+16
2.446176731846230400e+16
2.208807301698372400e+16
1.930049770308225600e+16
2.308598396575773200e+16
2.183204539095082400e+16
2.438104243738976400e+16
2.677220130698512800e+16
2.312174792896546000e+16
2.663946410666254800e+16
2.910054529896507600e+16
2.378420516745411600e+16
2.579302581122135600e+16
2.341374235877949600e+16
1.758430524704155800e+16
2.714083716181434800e+16
2.423402434929836000e+16
2.200588171940851200e+16
2.282283826118831200e+16
2.310681258367858400e+16
2.440598418455996000e+16
2.268343765171818800e+16
2.365493394691159200e+16
2.348414593175939600e+16
2.325794394491059600e+16
2.678174991013668800e+16
3.140103540287741200e+16
1.896673336523647600e+16
2.410603165939819600e+16
2.174581790640761200e+16
1.944963080917668000e+16
2.161853183692467600e+16
2.346663624379057600e+16
2.151099243595143600e+16
2.339938088297090000e+16
2.830848305658967200e+16
2.060856630327164400e+16
2.808233456698926000e+16
2.565604551307216800e+16
2.155817577814423600e+16
2.344963444365231600e+16
2.141945941863607600e+16
2.629854426028356800e+16
2.795993173110510400e+16
2.246982685872370000e+16
2.329634193706098800e+16
2.582945459106996800e+16
2.593153984118329200e+16
2.739917216493811200e+16
2.564809129617259600e+16
2.927064336072501600e+16
2.290809453883471600e+16
2.429557746609995200e+16
2.170827258298824800e+16
2.744434133869830400e+16
2.334722428283292800e+16
2.025424031094148400e+16
2.422501526100738000e+16
2.192763882700576400e+16
2.438396635112486000e+16
1.903059208244380400e+16
2.823292492583642800e+16
2.787942125205436400e+16
2.663956626929459200e+16
1.518499076659997600e+16
3.085546030174019600e+16
2.596324315093980000e+16
2.012895864416964800e+16
1.859211011453000000e+16
1.685452986685092800e+16
2.032049784069804800e+16
2.999517148782411200e+16
2.468391450354934000e+16
2.553686682287350400e+16
2.044603625345635200e+16
2.243606601783962000e+16
2.736313270505371200e+16
1.772273371457434600e+16
2.745643151703659600e+16
2.173153470221452800e+16
2.167116336666504400e+16
2.360717380427590400e+16
2.198797340734740400e+16
2.801570648942378800e+16
1.830476588192907200e+16
2.429376525736718800e+16
2.314920242944622400e+16
2.430133283426501200e+16
1.966209291168984000e+16
2.433754527424859200e+16
2.734933227430462400e+16
2.843978812669120400e+16
1.946493753384091200e+16
1.629480657928027600e+16
2.105671880805282000e+16
2.448326682978969600e+16
2.943491997540154400e+16
2.201948647698221200e+16
2.069315675627685600e+16
2.367181328323955600e+16
2.136858617528325200e+16
1.380546977506358000e+16
2.605355463333330800e+16
1.878882171031462800e+16
3.016574540302620000e+16
2.165241566846186000e+16
2.734322325437712000e+16
1.596665164182304000e+16
2.044209690372932400e+16
2.442596883956751200e+16
1.746053149208259200e+16
2.238397600110415600e+16
2.275891365423450400e+16
2.324665151327568800e+16
1.945704030075916000e+16
1.540081904071627200e+16
2.169050746165398000e+16
2.277532168740779600e+16
1.978035343132539600e+16
1.810594131630921600e+16
1.842216364970587600e+16
1.933147966071676800e+16
2.670548593984461200e+16
1.948574301900153200e+16
2.074216904894419200e+16
2.554606738366962400e+16
2.208934486355565200e+16
2.741669068920562000e+16
2.670720142519843200e+16
3.635715486172538400e+16
2.986817525732695200e+16
2.759448087076043200e+16
2.492634035800520400e+16
2.437118741148901200e+16
2.545919282133172400e+16
1.679166619872417800e+16
2.139717018446100400e+16
2.811606032086726000e+16
1.779433137030958400e+16
1.907318425886628400e+16
2.417664066236306800e+16
2.697729471040189600e+16
2.901742459291054800e+16
1.994072222472222000e+16
1.343280094165412600e+16
3.038671829897205600e+16
2.379899236581255600e+16
2.183944444345080000e+16
2.895481958389931200e+16
2.568050196410488000e+16
1.892755346922922800e+16
1.936386750631339600e+16
2.587214942575473600e+16
2.611123863533733600e+16
2.101027243047937600e+16
2.758502011588759200e+16
2.695899140771351200e+16
3.006552697459084800e+16
2.617149189529912800e+16
1.635093819935163200e+16
2.196466081769683200e+16
2.201369674204750800e+16
2.862055551524530800e+16
2.704537320052005200e+16
1.656480025706149400e+16
2.611466952872953200e+16
2.358203782663970000e+16
1.792844295630931800e+16
2.135584972077306800e+16
2.234974072045348800e+16
2.528774002967238800e+16
2.589964940112256400e+16
1.597205709843668200e+16
2.303949759950783600e+16
2.219675475703384400e+16
2.287733914368875600e+16
2.058430358876779600e+16
2.320113782360224800e+16
2.380056880082274800e+16
2.195131445562476800e+16
2.198473381652060800e+16
2.472169143374375200e+16
2.463580828986056400e+16
2.049885543718306400e+16
2.369746264314443600e+16
1.732647878098984400e+16
3.204721998700559600e+16
2.997804466536485600e+16
2.857790763682958000e+16
2.647193296056617200e+16
2.520157615074152400e+16
1.835754701266803600e+16
1.890877005574855600e+16
2.622268193368470000e+16
2.359511896482622000e+16
1.889315516274889600e+16
2.326273592942678800e+16
2.506631190634192000e+16
8.299097272894255000e+15
2.720858287631960000e+16
2.375785722347908400e+16
2.406474198114318000e+16
2.439191267384647200e+16
2.019131942502633600e+16
2.418846192557182800e+16
2.779388399298938400e+16
2.425321339605164000e+16
2.631143956151546000e+16
2.094690756688666400e+16
2.164133155942693600e+16
2.811975498939131600e+16
2.070110633118588800e+16
2.747365627629604000e+16
2.136666758028540000e+16
2.678830499434043200e+16
2.063395198979452400e+16
2.274198989311643200e+16
2.722395372854223200e+16
2.108276304845757200e+16
2.829343395861106800e+16
2.197816432865907600e+16
2.474002211906220000e+16
2.888174038899663200e+16
2.772495921549386400e+16
2.596020072562507200e+16
1.862439952067193600e+16
1.688680862289133200e+16
1.612538698093799800e+16
2.339806646104433200e+16
2.608039204691359600e+16
2.455205907808040800e+16
2.430006777425945600e+16
1.848783950643320400e+16
2.234488155302709600e+16
2.234639314302448400e+16
2.803500981805141200e+16
2.307772341211414800e+16
3.312577407013470400e+16
2.324529761891918800e+16
1.899252417906106400e+16
2.217849460801030800e+16
2.670471106615248400e+16
2.208787110446595200e+16
2.534897935313534400e+16
2.228454409533773200e+16
2.486141150240785200e+16
2.359300058349745200e+16
2.249672116619450000e+16
2.008358088433902800e+16
2.807642025272043200e+16
2.750769053722410000e+16
2.786275247213259600e+16
2.174077559090810000e+16
2.571871357553992000e+16
2.804015450311261600e+16
2.762468669218081200e+16
2.271997241196994400e+16
1.667506647027764600e+16
2.617042719974227600e+16
2.331883775515486800e+16
2.324822256284463600e+16
1.917753470097659600e+16
2.387278714697373200e+16
2.324739922874729200e+16
2.497883546621524800e+16
2.404003180800508800e+16
1.903633655336042400e+16
2.994021234631664400e+16
2.184732193127110400e+16
2.341383060690495600e+16
2.698639577147612400e+16
2.465699792741014800e+16
2.359569793650013200e+16
1.717971205127409600e+16
1.860964021348313600e+16
2.843147965393008000e+16
2.466163597203331600e+16
2.343140714669488000e+16
2.563657287040369600e+16
2.216923367498777600e+16
2.879946389660420800e+16
2.696032544447312400e+16
2.760511217549895600e+16
2.470851849222734400e+16
3.009966980379769600e+16
2.473555255033892000e+16
2.750768549735858400e+16
1.858139427629809600e+16
2.621463964097462800e+16
3.223506456857201600e+16
2.712466481692660000e+16
2.232441798916296000e+16
2.334811323155324800e+16
2.848817344577434000e+16
2.081253340310802400e+16
2.743542921696207600e+16
2.986832050065817600e+16
2.739824296762928400e+16
2.289406686152394000e+16
2.311932184822529200e+16
2.408245159411356000e+16
2.467527562834214800e+16
2.181998939038378000e+16
2.643843015542563200e+16
2.851087234925668000e+16
2.722023812130069200e+16
2.728363905150122000e+16
2.279779545260350800e+16
2.322169945644267200e+16
2.048816950084715200e+16
2.515563041025678400e+16
2.313734725877083600e+16
2.121860836716357200e+16
2.609172401275188400e+16
2.789726300794631600e+16
2.229185237446359200e+16
1.892088203362278800e+16
2.718934150519548800e+16
2.698374526993038800e+16
2.430453088989662800e+16
2.554801057271250800e+16
2.083593175727985600e+16
1.852283143450560000e+16
2.662519191647990400e+16
2.516677897535454800e+16
1.917542619436065600e+16
2.140464037131818800e+16
2.295995943321877600e+16
2.109662488322428000e+16
2.918060317415275200e+16
2.249349913613078800e+16
2.374017944248858400e+16
2.354432319721352800e+16
2.532568784486774400e+16
2.223818476730058800e+16
3.425491644967143600e+16
2.418448514326234800e+16
1.832567086601363200e+16
2.503166384988164400e+16
2.550712552494151600e+16
2.773875392731047600e+16
2.804001248342131600e+16
1.549604100898332000e+16
2.357680186270755600e+16
2.611134916216268400e+16
2.112253918930598000e+16
2.221531218647027600e+16
3.045699443675118400e+16
2.961039744081967200e+16
2.517607118137694400e+16
2.992990555432179200e+16
2.556634712164235200e+16
2.227025852833787200e+16
2.435782829479328800e+16
2.041540893771797600e+16
3.118207488582557200e+16
1.978393535397309200e+16
2.215480483615527200e+16
1.389469302205233200e+16
2.606176363184480000e+16
2.488122267253384800e+16
2.475785463426614000e+16
3.658604845143474400e+16
3.157374076533751200e+16
1.711434845256650200e+16
2.191862572096772800e+16
2.514349642237269600e+16
2.316377643341524000e+16
2.036463499539837200e+16
2.875184794895335200e+16
2.828816888232573200e+16
2.634380554393475600e+16
2.199684162718997200e+16
2.548206690668943600e+16
2.285496101881584400e+16
2.293113349029459600e+16
1.724830111189356200e+16
1.912164977937409200e+16
2.675238188026287600e+16
2.814453294637810000e+16
2.678929925194606400e+16
2.339172616727588800e+16
2.347972057466933200e+16
1.733623683852156400e+16
2.495283106484345200e+16
2.276184040113933600e+16
2.334645857907918800e+16
2.629059534954327600e+16
2.023965303816672400e+16
2.434547717224951200e+16
2.488063496779447600e+16
1.881127763343689200e+16
2.535644576198524000e+16
2.510679923999954000e+16
1.767987441731281800e+16
2.437710393153074400e+16
2.019717546049851200e+16
1.910062741729027600e+16
2.248926409726099200e+16
2.333612893237274000e+16
2.874295633048468400e+16
2.826550703637448400e+16
1.614562734984076000e+16
2.372478306521098000e+16
2.228865105084975600e+16
1.931279417317811200e+16
2.738120546757962000e+16
2.840255327390725200e+16
2.621849527335303200e+16
2.522352896174600400e+16
1.880501042565406400e+16
1.980685031155576800e+16
2.977661585139545200e+16
1.957939374737432000e+16
3.206425639028514400e+16
2.757603334921544400e+16
2.498735987923448000e+16
2.422881331965583200e+16
2.719741091779790800e+16
2.191934311868905200e+16
2.271249657024407200e+16
1.928511924302689200e+16
2.613729303300505200e+16
2.480943811342528800e+16
2.831317411449063200e+16
1.662406033626523800e+16
2.114988824736670800e+16
2.125195407246559600e+16
2.806298486916848000e+16
2.764515986843834800e+16
1.987094966319673600e+16
2.732767774123792800e+16
1.887557044801190400e+16
3.029433788962715200e+16
2.832340425748326800e+16
2.145238602318508800e+16
2.122527328760287200e+16
1.078998508963290200e+16
2.379921636583318000e+16
2.399598123770576400e+16
2.689558529544487200e+16
2.111148547147510800e+16
2.712348292768365200e+16
2.139754516076865200e+16
1.997407294438144000e+16
2.282051733428021200e+16
2.137290873462040000e+16
2.771600291470799600e+16
2.646709849612690400e+16
2.493768948479127200e+16
2.338844373601964400e+16
3.305385126094014800e+16
2.506090481578500400e+16
2.614812696141247600e+16
2.445146634037698000e+16
2.602649274512090800e+16
1.745859471080872400e+16
2.568290154863441600e+16
1.911754481351149600e+16
2.631844804860674800e+16
2.365970224502834000e+16
1.952214911999210400e+16
2.060855436638297200e+16
2.155895359502350400e+16
1.735376883668305600e+16
1.828747574303569200e+16
2.365880780342191600e+16
2.979780626072325200e+16
1.840478969961238000e+16
2.269685636807155600e+16
1.604571649676647200e+16
2.978621729356050400e+16
2.189916058403641600e+16
2.003756201680674400e+16
2.012117184637059600e+16
2.643564340808384800e+16
2.400881232749517200e+16
2.042495353336034400e+16
2.061763479800204400e+16
2.059257146114218400e+16
1.651852955256305400e+16
2.925983367699563200e+16
2.693325524660516400e+16
3.107708852893536400e+16
1.410452790095514800e+16
3.105727378058857600e+16
2.627773055602309200e+16
1.938268983465443200e+16
2.626352865912105600e+16
2.726651243234726800e+16
2.904812908136248400e+16
2.554103450694440800e+16
2.407760938410331200e+16
2.502892357919570800e+16
2.527750982499770800e+16
3.090940285054788000e+16
2.167402178719178000e+16
2.029270023583780800e+16
2.777923510813080000e+16
2.440298817585340800e+16
3.015672798254062800e+16
2.882432705432832800e+16
3.671537500637194400e+16
3.102041343755134800e+16
2.451546954398832400e+16
1.826353108575452800e+16
1.647855505923064600e+16
2.081409856420898800e+16
2.359102913682786400e+16
2.373940456709609600e+16
2.814793082284424000e+16
2.933465359248091600e+16
1.851388004007168400e+16
2.584513418061417600e+16
2.778501853830914800e+16
2.398403359138680000e+16
1.630532012591093600e+16
2.162734654266270800e+16
2.371276074458405600e+16
1.672385174967479400e+16
2.485590828071290800e+16
2.348345754875540800e+16
1.794651448008552800e+16
2.642367080297148800e+16
2.787195602395316400e+16
2.196684157016658800e+16
2.799565888073052400e+16
2.030002906496684000e+16
3.152288369997472800e+16
2.830496206684355200e+16
2.400172187147844800e+16
2.130806554002810800e+16
2.712988449584761200e+16
2.795522622401219600e+16
3.148952246456292800e+16
2.081442735185347600e+16
2.914521075001580400e+16
1.798477696976493200e+16
2.744371648659278400e+16
2.586047738319725200e+16
1.374496094935270400e+16
2.548792026043666400e+16
2.507247546910725200e+16
1.788491272066049400e+16
1.961276508784960400e+16
2.742440866110352800e+16
2.737906107764118400e+16
1.629202615790447000e+16
2.019741268649038800e+16
2.796281140099107200e+16
2.270787816101922000e+16
1.455013835126756800e+16
2.464534256864200800e+16
3.083427534552692800e+16
2.505870129426654800e+16
2.445445862129369600e+16
1.414836759700114400e+16
2.049335368756262000e+16
3.078786953124738400e+16
2.439546941313963600e+16
2.751730505018576000e+16
2.548068613038954800e+16
2.078269159027618400e+16
2.071491663461354000e+16
2.518644211310204000e+16
2.430493201010464800e+16
2.569553575676403600e+16
1.963550412480947200e+16
1.480599704970471600e+16
1.850905884508330000e+16
1.789914676118006600e+16
2.237440960584680400e+16
1.855677897124450400e+16
2.829550968400734000e+16
2.855650164233868400e+16
2.752613652005409200e+16
2.383463574273881200e+16
2.225289858223583600e+16
2.845495365493182000e+16
2.472490954338257600e+16
2.161527369908025600e+16
3.029554182902801200e+16
2.043530459193239600e+16
2.000431398244746000e+16
2.331563905781996800e+16
1.597441257757808600e+16
2.357850729210019200e+16
2.471088803619882400e+16
2.904392558333236400e+16
2.494282062735754000e+16
2.088234973668576000e+16
2.545758159048000400e+16
2.565878171423178400e+16
2.373659783303342000e+16
2.307562792396555600e+16
2.233163615060391200e+16
2.198620167063775200e+16
2.502828635104512000e+16
2.377205964664251200e+16
2.209516647137479600e+16
2.609266001020344800e+16
2.161957268650464000e+16
1.692138799117411800e+16
1.813106180447144800e+16
3.559248339879598000e+16
2.653775661619280400e+16
2.621961698131098400e+16
2.479598375782977600e+16
2.203967123731494800e+16
2.430501735529262000e+16
2.619813655930372000e+16
2.628374753049779600e+16
2.203835756687812000e+16
2.731187929278479200e+16
2.478509548381169200e+16
3.418725900956198800e+16
2.263645010376480800e+16
2.105310857983041200e+16
3.030104065883120000e+16
1.614214278241870200e+16
2.249017608929140000e+16
3.229944619260713200e+16
1.875240641125617200e+16
2.536293529962886400e+16
2.590423779013252000e+16
1.906849440885556800e+16
2.479204198824490800e+16
2.272163385518560400e+16
2.299887099766237600e+16
2.840275165498296800e+16
2.824173267932027200e+16
2.822489470226302800e+16
3.204395540410972400e+16
3.346915550922762000e+16
2.120228954019602000e+16
2.237065833912862000e+16
1.658022330408905800e+16
3.223927652345992400e+16
2.310382715957962400e+16
2.973563432307877600e+16
1.655080255224406800e+16
2.812737297420135200e+16
2.729224719933830400e+16
2.024587772949633200e+16
2.463216141974186800e+16
2.236358519849588000e+16
2.204603597112738400e+16
2.653905529658603200e+16
3.601830056274483200e+16
2.469663372878327200e+16
2.666089592804011600e+16
2.593217666418602000e+16
2.290572620735353600e+16
2.619647450406141200e+16
2.804631080006298800e+16
2.223622701051166800e+16
1.493555127975392000e+16
2.262652117253971200e+16
3.668062646565715200e+16
2.400737186762168800e+16
2.159907084962724800e+16
2.225800108028374800e+16
2.943628902321662800e+16
2.051869197898234400e+16
2.270878805176498400e+16
2.218714349067483200e+16
2.662146459960535200e+16
2.160625915451448000e+16
2.635083532517922400e+16
2.270190730140459600e+16
3.056985696391126000e+16
2.066118605941118400e+16
2.366611785739263200e+16
2.831717724763774400e+16
1.779629020087708200e+16
2.409323098762126800e+16
2.514430987803608400e+16
3.177463489571168000e+16
2.388672466440928000e+16
3.138216624399607600e+16
2.386482272207960800e+16
2.163451408310930800e+16
2.529897142626548800e+16
2.316483683151896000e+16
2.842408006923332800e+16
1.670350242711899200e+16
2.163211721416011200e+16
3.459628478818788800e+16
2.600146431973390000e+16
2.321726017706678400e+16
2.717293256192233200e+16
2.350149150246873200e+16
2.696012450988368800e+16
3.281085970079369600e+16
2.616290242886607600e+16
2.701598952674997600e+16
3.263455115667781200e+16
2.708382946231319200e+16
2.881289918932902400e+16
2.657792265222717600e+16
3.093024534266730800e+16
2.720143059317984800e+16
1.372412938061599000e+16
2.150566313241611600e+16
3.322716655104672400e+16
2.803077052020564800e+16
2.566724983566631600e+16
1.790688239904608200e+16
2.523039775283049200e+16
2.634954813801851200e+16
2.106704687386957600e+16
