5.293731901352453000e+15
6.514870074849261000e+15
1.174960451635003400e+16
1.011301555895285600e+16
8.182905708819477000e+15
8.073121123618679000e+15
5.779651579516573000e+15
1.070421166497981000e+16
9.068518765773566000e+15
9.525885325996126000e+15
1.199566672828077000e+16
8.890672054033298000e+15
1.274918315648220000e+16
9.075049579521672000e+15
1.040226902877442400e+16
1.109394736146838800e+16
1.039673635089516400e+16
1.199173510242653400e+16
1.105429692251763400e+16
7.709030562935793000e+15
1.170829428053855600e+16
8.415821370047394000e+15
9.982008720383622000e+15
1.090998365807903800e+16
9.707051952306280000e+15
1.054805069435578400e+16
8.141969089496913000e+15
9.657500687531754000e+15
1.159437553028749800e+16
9.155150661975924000e+15
1.202313831674940200e+16
1.404958542705415800e+16
1.064581233415786400e+16
1.105798897591126600e+16
1.366807623068582000e+16
8.738321918185738000e+15
1.160309309771396800e+16
9.177709192960036000e+15
8.763492918978214000e+15
1.189424896419699400e+16
1.173312042636514000e+16
1.196586629749993000e+16
1.632342000758044000e+16
1.529645336498502600e+16
1.205469906291995200e+16
1.204946440307645800e+16
1.524552479328717400e+16
1.607929395183305600e+16
8.933966142625921000e+15
1.122692718052952600e+16
1.510509166203525600e+16
9.385178658639684000e+15
8.993744199657055000e+15
1.138291621800178000e+16
1.556622168917314600e+16
1.370297838691217200e+16
1.419810621873372800e+16
1.253235343096988600e+16
1.385971081728617200e+16
1.187985088808350600e+16
1.410101872224999600e+16
1.459970742642390200e+16
1.132282482738147600e+16
1.274086220194373200e+16
1.206942596665443600e+16
1.024673239261138200e+16
1.448279800981100600e+16
1.123186534302562400e+16
1.007496028398447400e+16
1.297663751678094000e+16
1.248140900566525400e+16
1.309849064030030600e+16
1.617262338649456200e+16
1.254584922701400800e+16
1.164239575670356400e+16
1.127100925411057600e+16
9.813287568148708000e+15
1.009791010070770400e+16
1.451456288411275400e+16
1.514894903340097200e+16
1.366945122198830800e+16
1.244646227890153200e+16
1.577093664946582400e+16
1.604478473945318000e+16
1.768879693760118000e+16
1.687629031017304800e+16
1.506800821200669600e+16
1.815477168280597600e+16
1.465318545509424600e+16
1.471521661330853800e+16
1.613370449546656200e+16
1.700311885442149000e+16
1.476667456980370600e+16
1.587332350791208800e+16
1.372641444955540200e+16
1.531692351120151600e+16
1.023312978245989600e+16
1.599284876922060200e+16
1.560710824189803400e+16
1.525017355976953600e+16
1.321804955774645600e+16
1.461844508472760400e+16
1.741803876255446800e+16
1.403912814652751200e+16
9.500217483406800000e+15
1.322042603668539200e+16
1.317787894933959000e+16
1.071789951889528400e+16
1.456385981556926000e+16
1.416137280854212000e+16
1.707802093086340200e+16
1.794217987575670600e+16
1.726477564309220200e+16
1.666454461603277600e+16
1.785363786990194200e+16
1.682759974250096600e+16
1.896242686021968800e+16
1.962183439877836800e+16
1.252213411005451400e+16
1.471850649838851400e+16
1.847807131271685600e+16
1.982136353166251600e+16
1.352245539338172800e+16
1.636866318327768200e+16
1.807388808470580400e+16
1.813486427658240400e+16
1.875588658560339600e+16
1.489715416534927800e+16
1.537737988963689800e+16
1.331952711447577000e+16
1.730584201468044600e+16
1.831050435409927600e+16
1.350078033262952600e+16
1.751946776785928600e+16
1.612356952786526000e+16
1.972581354956547600e+16
1.679831817666384200e+16
1.656655578560536400e+16
1.634709692705307600e+16
1.944744062658733200e+16
2.037606801731730800e+16
1.780024614425738400e+16
1.777030310815681800e+16
1.803140948519976800e+16
1.470238571622084400e+16
1.603379511134214000e+16
1.597420178318736600e+16
1.724708296227899800e+16
1.712178712717627600e+16
1.172161045308475600e+16
1.495072626841142000e+16
1.541029149111533200e+16
1.655686240814911200e+16
1.577729763690213600e+16
1.466806446312321600e+16
1.723543817873665800e+16
1.712355434213803200e+16
1.990331513068998000e+16
1.993666249592918000e+16
1.533185709682852200e+16
1.564021721232922200e+16
1.620231091965572800e+16
1.806432392516644000e+16
1.661457173727819200e+16
1.753286118824442800e+16
1.399145804676761800e+16
1.898378577537878400e+16
1.805067827819741600e+16
1.779998914278952400e+16
1.654263097335038600e+16
1.763794947317902200e+16
1.691168085311468000e+16
1.685415070492021800e+16
1.637410551484691800e+16
1.509457160995152400e+16
1.573134282401003200e+16
1.863019346538995600e+16
1.646393592812243600e+16
1.715049979990054000e+16
1.637849130337620000e+16
1.581657275995745400e+16
1.398341607875470000e+16
1.366544487297725600e+16
1.336929029516197600e+16
1.622574853829364400e+16
1.751616400890894600e+16
1.684057680140768400e+16
1.696135175716791400e+16
1.566466416729684600e+16
1.788457914315203000e+16
1.922109409777369200e+16
1.366100774517595800e+16
1.680073930521444200e+16
1.196340204912676800e+16
1.802734162157990000e+16
1.755379022610255800e+16
1.646678566526142200e+16
1.707189143213773200e+16
1.753947914496557800e+16
1.634612571684589200e+16
1.631978414118056400e+16
1.198594768871052000e+16
1.454291068287644000e+16
1.665829520903294000e+16
1.817152388693273600e+16
1.654412927070865400e+16
1.483816495605366200e+16
1.663047060119802800e+16
1.739357023356442400e+16
2.119599958302884000e+16
1.759056784479058000e+16
2.385649719731050000e+16
1.637005694617946800e+16
1.820888228342956800e+16
1.280888050582717400e+16
1.754092864802089800e+16
1.975215021553058000e+16
1.944279046966098800e+16
2.265648830960265600e+16
1.849358949044831200e+16
1.756620600595018400e+16
2.622509006126682000e+16
2.101130643771706800e+16
1.585205720615789400e+16
1.502099352122974800e+16
1.547948895963482800e+16
1.620945270878672200e+16
2.027907360517802400e+16
1.991395388504250800e+16
2.012329580763646800e+16
1.843890392705456800e+16
1.833515547592517200e+16
1.855424818833234800e+16
2.242755277318390000e+16
2.162229835135766400e+16
1.999113272765701600e+16
1.834866122464364800e+16
1.941631112247851600e+16
1.941456692683191200e+16
1.728407810555919600e+16
1.738383365705308600e+16
1.755656669144808200e+16
1.838464792235755600e+16
1.684109435334156800e+16
1.953699238699434800e+16
2.455366045545256000e+16
1.821315772393789600e+16
2.114874433670224000e+16
2.311641082118960400e+16
1.877126440378037200e+16
1.748305552752667000e+16
2.256359487353810400e+16
1.080510232056528200e+16
2.382738308724109600e+16
1.881489125295423200e+16
1.571038743629776200e+16
2.145857678760229600e+16
2.121557760977084800e+16
1.716372882553467600e+16
1.940241071867908000e+16
2.176517777946852400e+16
1.786627262284554600e+16
2.162307093097408000e+16
2.663869484973299600e+16
2.231875463864381200e+16
2.194679753987351600e+16
1.879761651465512800e+16
1.526863370919020200e+16
1.681909270015080600e+16
2.154263991887311200e+16
1.865974497600256400e+16
2.778471915042930800e+16
2.243874901205159600e+16
2.293009220452670800e+16
2.109033033729473200e+16
2.086028999788155600e+16
2.396666863467122000e+16
1.566250121349006600e+16
2.397778262609365600e+16
2.323199288894592400e+16
2.032878728978996800e+16
2.094557632624916800e+16
1.975270381337021200e+16
2.528951711678545600e+16
1.774570359824093600e+16
1.965764169903516400e+16
2.171482410291600800e+16
2.280860294885044400e+16
2.718531754859744000e+16
1.855669284209831600e+16
2.249684716548828000e+16
1.697327380848948200e+16
2.363597899696893600e+16
1.965818744113139600e+16
2.518621205197425200e+16
1.759224005074299400e+16
3.178517384077180400e+16
2.345172964989803600e+16
2.703873238064315600e+16
2.460906341090822000e+16
2.160121390630815200e+16
2.228141245850902800e+16
2.565210941921912000e+16
1.875174697514487200e+16
2.443107287195335200e+16
2.510091888013279600e+16
2.285487983129076400e+16
2.696563253057928800e+16
2.648739838863044000e+16
2.228209345702730400e+16
2.306996770506975200e+16
2.180830454933584400e+16
1.401359499722052800e+16
1.802603341492769600e+16
2.610056709100386400e+16
2.733522171487663200e+16
2.453607043757881200e+16
2.470508070191864800e+16
3.058927295757445200e+16
2.024652320034498000e+16
2.523939996698619200e+16
2.264147144745852000e+16
1.738756068535164400e+16
2.418410964409984000e+16
2.604999249597405200e+16
3.322079228636232400e+16
2.049246866017880000e+16
2.021129254194547200e+16
2.024150783141792000e+16
1.974412509823187200e+16
2.205897363849910800e+16
2.681675260386760800e+16
2.685122596218681600e+16
2.052501699852777200e+16
2.200660323226691200e+16
2.473000932960865600e+16
2.076157598029612400e+16
3.323297804900595600e+16
2.366118717103418800e+16
2.836423185143830000e+16
2.573732677982143600e+16
2.359109702590322800e+16
2.277972334368144400e+16
2.681011478479992400e+16
3.026343710980984800e+16
1.859637747385022400e+16
2.720709799204446000e+16
3.225347088013596800e+16
2.635856595321293600e+16
2.521751936972555200e+16
2.700045005879794400e+16
3.165622820237603600e+16
2.888460907240496000e+16
4.108931233640166400e+16
2.891865733023875600e+16
2.550377579886224000e+16
2.455373498882359200e+16
2.273088863782542800e+16
3.072276083562286800e+16
3.339106729009342400e+16
2.575514789708693200e+16
3.213471906544827200e+16
2.907379647821045600e+16
2.442831092843366800e+16
2.975199492471598000e+16
2.310770467694759200e+16
2.742590149906953600e+16
2.280439690167801600e+16
2.917327522348216000e+16
2.135097680461202000e+16
2.609324977153730800e+16
1.936669055128396000e+16
2.252275949571554000e+16
2.197947322291733600e+16
1.679129966328731800e+16
2.114851521120610800e+16
2.405174112761645600e+16
1.810672927904917600e+16
2.160184599470754400e+16
2.201325151767195600e+16
1.891455660534303600e+16
1.971749639698416800e+16
1.644680904290356200e+16
1.806875162691494000e+16
1.659805939308567800e+16
1.572047425149357400e+16
1.716568472682266000e+16
1.441546634046496000e+16
1.415712877828323200e+16
1.526426702457441200e+16
9.341184161284346000e+15
7.765009102065158000e+15
6.256128951838468000e+15
2.873150701204580500e+15
5.191641556597938000e+15
4.900222056402221000e+15
1.751895137597668250e+15
3.476814268620852000e+15
3.936568416351580000e+15
4.366997838837525500e+15
3.223655613601500500e+15
4.254093843314865500e+15
4.500556319478992500e+15
2.545607771142428500e+15
5.150768934803017000e+15
3.958803879830421000e+15
5.682124453787585000e+15
6.291977546743652000e+15
1.999540415004861750e+15
8.225168600904368000e+15
3.630044130872186500e+15
4.546361677532981000e+15
5.950091820303600000e+15
6.528034193907573000e+15
3.678259426060832000e+15
7.096463966115555000e+15
4.192847400847857500e+15
5.834103839226972000e+15
5.714020541543433000e+15
4.774979723569129000e+15
4.697467435402795000e+15
9.357429029565132000e+15
4.445092453462946500e+15
7.622189718077001000e+15
4.884202195153696000e+15
5.651060408553824000e+15
6.109563564627251000e+15
7.150808721851104000e+15
5.806731185394183000e+15
9.279617395969604000e+15
7.476271913111070000e+15
5.398530604461608000e+15
6.798567446341822000e+15
8.391766805213937000e+15
7.323353224692604000e+15
9.954820179601436000e+15
8.199990504097405000e+15
9.296845125253600000e+15
9.636741150057808000e+15
9.009137329827740000e+15
1.282386281427197600e+16
9.262445590822584000e+15
8.990716858673329000e+15
5.679856325111407000e+15
7.945663088779177000e+15
7.952280031227789000e+15
5.163558480236944000e+15
1.079248519312470400e+16
8.730326473757114000e+15
7.012390938260142000e+15
1.136058993752636400e+16
8.543291005281160000e+15
1.125102439897233600e+16
4.896008407822764000e+15
6.404380975223733000e+15
1.289569978066300800e+16
6.095894244945115000e+15
8.012096153169525000e+15
1.268197494367012600e+16
5.867060949284003000e+15
8.090858122825115000e+15
1.406071878041511400e+16
1.366871999861028000e+16
4.637067496166538000e+15
7.698074890637787000e+15
6.404074151226788000e+15
6.606501483998092000e+15
1.485416957032351200e+16
6.536789265972679000e+15
6.566194776068505000e+15
1.209701803232477200e+16
2.177131515322780400e+16
1.047574828539276000e+16
1.196450500929874800e+16
1.102756975399631600e+16
1.714186788894798400e+16
7.129828734144629000e+15
5.696060622449867000e+15
6.470156501268789000e+15
6.773193105240183000e+15
4.611777658666135000e+15
1.914466241370900800e+16
7.224866669578453000e+15
6.555043131834407000e+15
2.635214542205191600e+16
1.972027927140113600e+16
5.583191171965209000e+15
6.242911195789654000e+15
2.307112323950017600e+16
2.175984840533500400e+16
2.234377727441884800e+16
3.078253965453294400e+16
6.827198133488480000e+15
9.404692459524482000e+15
5.170118851580079000e+15
7.304379396061636000e+15
8.092971838569393000e+15
9.172980012674038000e+15
