1.651088828090135250e+15
1.954003033136193750e+15
2.846643098531163500e+15
2.984629814558677500e+15
1.719488099962351250e+15
1.480317182222909750e+15
1.477947512453371250e+15
3.207270006403207000e+15
1.260993443359820000e+15
3.218158693489172000e+15
2.513613165543243000e+15
2.707772561851614500e+15
2.835631244444850500e+15
2.732658818960635500e+15
1.763477883015561000e+15
2.486761571566092000e+15
2.933644255468733500e+15
3.471555183788892500e+15
2.274301444588048000e+15
2.860765208056402000e+15
2.565294926299090000e+15
1.690192181810290500e+15
3.146667173439694500e+15
2.478233206218843000e+15
1.597293096788930250e+15
1.977455955493838250e+15
2.652497050979018000e+15
2.881058200468053000e+15
8.958456290245103750e+14
2.442925383208356000e+15
2.373408634743081000e+15
2.724319102099891500e+15
2.102027788398623000e+15
2.363919752989081000e+15
1.867091838439711500e+15
1.934925896499588000e+15
1.374007472289209250e+15
2.432593476244169000e+15
2.703172220213403500e+15
1.554515878789261250e+15
2.229829960525232750e+15
2.571243949115006000e+15
3.470780453577968000e+15
3.329663903403730000e+15
2.502133260140444500e+15
3.486534995703563500e+15
2.665871804709824000e+15
3.305544842705039500e+15
2.941668466330612000e+15
2.371665354408425000e+15
2.854480838901225000e+15
2.776637603690658000e+15
3.255116415412943000e+15
3.329447399159454000e+15
2.865383145292961000e+15
2.795452500191920000e+15
2.184255712550198000e+15
3.242114299515449000e+15
3.130440881922237000e+15
3.310616602548442500e+15
2.255171596153909500e+15
2.922153391728357500e+15
2.839201526261357000e+15
3.181640230571031000e+15
3.595211277208959500e+15
2.967448913000386000e+15
2.809445869067951500e+15
2.299774930500222500e+15
2.210413709466344250e+15
2.523392105835684000e+15
3.101215872068134500e+15
2.985359207700619000e+15
2.425526919910680500e+15
2.898174751781716500e+15
1.885596711237991500e+15
2.838725964354040000e+15
3.429924542972275500e+15
7.403371531138423750e+14
2.946560294419401500e+15
2.899194850523643500e+15
1.539340355446322250e+15
4.385953908835506500e+15
2.324587572199323000e+15
2.860254358517186000e+15
3.926489884861844000e+15
2.277982483292901500e+15
3.178044531189925000e+15
2.630972648322994500e+15
3.210954074988772500e+15
2.104232079079418500e+15
3.071019103427495000e+15
4.644610526322424000e+15
1.926031679449290750e+15
3.651748895753165500e+15
2.667908044190646500e+15
8.305414683386793750e+14
1.921188969928303750e+15
3.472667838897067000e+15
1.856837564986938500e+15
2.742204325124676500e+15
2.311625747736601500e+15
3.268893080189090000e+15
2.217577659432242750e+15
3.543383792381073000e+15
3.406293183274359000e+15
3.674189814495041500e+15
2.640596161385916000e+15
2.587233728813137000e+15
2.629471062640955500e+15
1.928514257110988000e+15
3.517254286769620500e+15
2.061743463862920250e+15
2.957034565596510000e+15
3.989879197913866000e+15
2.653351347340010000e+15
2.863119274897884000e+15
2.453949531858327500e+15
3.302620774877826500e+15
2.751837805926162000e+15
2.669988398960834000e+15
2.841418947750086000e+15
2.073068208586739750e+15
3.429754014862557500e+15
2.123846056560957000e+15
2.652089281110258500e+15
2.410940892270281500e+15
2.450586918381137500e+15
4.512753908151524000e+15
2.929137744621156000e+15
1.842405557232490000e+15
3.514456343690149000e+15
2.681525018165872000e+15
3.428803021552817000e+15
3.409064165142434500e+15
2.977402823165584500e+15
2.289119376057894000e+15
2.837218860306684000e+15
1.874567500041151500e+15
2.811662222116935500e+15
1.372509983407098250e+15
2.590171477725884500e+15
2.844512952517683000e+15
2.604206907288690500e+15
3.182047455127394000e+15
2.844977765017288500e+15
3.253496106638478500e+15
2.752039956305719500e+15
2.584402973840745000e+15
2.755851300847688000e+15
3.127795039061574000e+15
2.989621737365820500e+15
3.497217165092945500e+15
2.509380984406509500e+15
2.772760390667697000e+15
3.710291232830891500e+15
1.596938413629086500e+15
3.036133757870082500e+15
8.459226337500973750e+14
2.546883949933305000e+15
2.385555875619414000e+15
1.421945110900602250e+15
3.401014024456322500e+15
2.535257250595262000e+15
3.366137398541304000e+15
2.365133545966338000e+15
2.108541018278601250e+15
3.144085957818461500e+15
2.635837263545208000e+15
3.315358618850411000e+15
2.329103848441654500e+15
2.750252999346070500e+15
2.528703458703005500e+15
2.946997158330717500e+15
3.477434747312259500e+15
2.024197581566360500e+15
2.304200276367157500e+15
2.526849489271365500e+15
4.171982803062924500e+15
1.963998663801263000e+15
2.571752218405364000e+15
1.329289846777633750e+15
1.969919190106714750e+15
2.649719977121418000e+15
3.928959804873511500e+15
2.474426778840477000e+15
2.970983061676301000e+15
2.627968425414389000e+15
3.422117512912178000e+15
4.053578195490046500e+15
1.937701716913132500e+15
2.869164955410749000e+15
2.555104640282166500e+15
3.827802464440560500e+15
2.107133617868229750e+15
1.958820461017401500e+15
1.805033717953155750e+15
3.409177061856321000e+15
1.242376979605989500e+15
3.152370319128415000e+15
1.871839859061418000e+15
3.445009354224710000e+15
1.817299557642942750e+15
2.211539415273098250e+15
1.436204098734671500e+15
1.438423417987419500e+15
2.636355579838043000e+15
2.452373616799053500e+15
1.577312417588973000e+15
2.521665335441757000e+15
2.798754588180672500e+15
2.934232449391804500e+15
2.242596710537891750e+15
2.104175894834685500e+15
2.580553736376311500e+15
1.611591535027680250e+15
2.832489590473740500e+15
2.384363250588379000e+15
3.353341365149920000e+15
1.822750056491460000e+15
2.105388059119266250e+15
2.893130493071833000e+15
3.722610298121898500e+15
2.424358441876377500e+15
1.229961745196664500e+15
2.937792467249557000e+15
2.666622731592633500e+15
2.878036417966739500e+15
2.917994493343135500e+15
2.709679721455717500e+15
2.849054159067018000e+15
2.453112701763058000e+15
4.103722704064355500e+15
2.283561084320599000e+15
3.344261360033588000e+15
3.327940035390092500e+15
2.801564435776084500e+15
2.477654690936778000e+15
2.434964666005875500e+15
3.293242957770753000e+15
2.556408436511678000e+15
2.054932694716463500e+15
2.322192667997578000e+15
3.209991648277296000e+15
2.408120090663031500e+15
3.361103481144867500e+15
3.353113662075082500e+15
2.686388602535818000e+15
1.906757009552490250e+15
1.816040873266708000e+15
2.660246021095367500e+15
2.992668092063958500e+15
2.549617335935322500e+15
3.205218758432818000e+15
2.861958058548761000e+15
3.102561175597092000e+15
3.599328869130028000e+15
1.642018517757746250e+15
1.867583278909982750e+15
3.176431745159877000e+15
1.240503533190269750e+15
3.882193345357911000e+15
3.383497303781784000e+15
2.715598931950752500e+15
2.090221362331904250e+15
3.245091276374648500e+15
2.590570874747274500e+15
3.433853005141673500e+15
2.156171107376471000e+15
4.389606361724184000e+15
2.426413278518566000e+15
3.127654311452022500e+15
2.742250371501638500e+15
2.992789000926906500e+15
2.381254245648815000e+15
2.760419073689585500e+15
3.052134236651593500e+15
3.028305776491428500e+15
2.255305392585261500e+15
3.114160169575503000e+15
2.617513457314489500e+15
3.507080193858633500e+15
2.906033414384004000e+15
2.585447927647761000e+15
2.613894148520298500e+15
2.858882264166642500e+15
2.957919608123365500e+15
2.224791149562782500e+15
1.826160640311216500e+15
2.394860362612996500e+15
2.555019489724609500e+15
2.630506945866345000e+15
1.809932987686576000e+15
1.912677062816751000e+15
2.445706718842296000e+15
3.072888914568212500e+15
2.639068838230116000e+15
1.981561285488575750e+15
1.843940288456521500e+15
2.340054089620599500e+15
3.655014798561999500e+15
2.938058357536848500e+15
2.138294508156194000e+15
1.210719236513652750e+15
2.789479367230374000e+15
3.023829858601892000e+15
2.939692498603973000e+15
3.130156225996106500e+15
3.001698000395016500e+15
3.259469936635284500e+15
2.442638965852372000e+15
2.972317798145325500e+15
3.087394383242570500e+15
2.271142129625965000e+15
3.536824829406897500e+15
3.271159719762652000e+15
2.590350176764947000e+15
2.579301971778082000e+15
2.495349925274796500e+15
2.648327198586535500e+15
2.910055015880635000e+15
2.350297871999011000e+15
2.575007955753434500e+15
1.655096611260306500e+15
1.222033701094930250e+15
2.314322167544085000e+15
3.085408481236358000e+15
3.736918101823561500e+15
3.108345330421331000e+15
1.973250391962593250e+15
2.987805426593841500e+15
1.973181015975971250e+15
3.117270965261922500e+15
2.089731841752110500e+15
3.622178364922248000e+15
2.674053086184572000e+15
3.918284874085215000e+15
2.587940131838103000e+15
3.407921521221908000e+15
4.093905313401657000e+15
4.274013753786600500e+15
3.131139278998163500e+15
3.398425292392625500e+15
3.590015320351043500e+15
2.281338763625040000e+15
3.036627233514990000e+15
3.294915096301059000e+15
3.627849326356637500e+15
2.869540522943116000e+15
3.028273099318593500e+15
1.420023958519843500e+15
2.077366270127979750e+15
2.305968491188269500e+15
2.495497148239767500e+15
2.868687893371827000e+15
4.313024717437509500e+15
2.432660614946842500e+15
2.468182509748033500e+15
2.436759166163791500e+15
3.193291067632861500e+15
3.249419129738567000e+15
3.369116518604856500e+15
2.473195832558786500e+15
3.612744288441381000e+15
3.095457839267118000e+15
3.365332541636580500e+15
2.693772503909197500e+15
2.967688961141689500e+15
2.046293583297311500e+15
2.909172641783968500e+15
3.328406735076873000e+15
2.591569912278925000e+15
2.602854110827109500e+15
3.141478973721485000e+15
2.504583982756352500e+15
3.082268333980444500e+15
1.966275372977530000e+15
3.656058408295655500e+15
1.878797609654494500e+15
3.902920029265638500e+15
3.443206468528781000e+15
4.328136627635399500e+15
3.598640526936325500e+15
2.938875821793134000e+15
2.969670437496016500e+15
2.785581818977155500e+15
2.022242195546946000e+15
2.693392081951255000e+15
2.434810778994496500e+15
2.981816066161995500e+15
1.591200743299905250e+15
3.225269682460226500e+15
3.451041007354566000e+15
3.609745773550825500e+15
3.474972578268988000e+15
3.322448997585972500e+15
3.211058129550410500e+15
3.440382325103064000e+15
2.537876259542593000e+15
2.982782393386056500e+15
2.938726837854299000e+15
2.768667083453271000e+15
2.461295877250610000e+15
3.373936494584283000e+15
3.316750550383266500e+15
3.813542329790414500e+15
2.611871426205810500e+15
3.061532316066565500e+15
3.378079875466163500e+15
2.815000158870444500e+15
2.630672009320199500e+15
3.530033771624481000e+15
1.429565692014665750e+15
2.506362940815927500e+15
3.034967470114175500e+15
3.344208832499221500e+15
3.626942997585253000e+15
2.952690149790933500e+15
2.907162958927082000e+15
3.137761231081194000e+15
3.821396497533237000e+15
2.862124739541683000e+15
3.081011975355240500e+15
2.902998120111189500e+15
3.698343415232863500e+15
3.476534198828958500e+15
2.309761541009829500e+15
2.848496217131274000e+15
2.889579022566250000e+15
1.836608331629912500e+15
2.829275073787419500e+15
2.491641125629977000e+15
2.703789402392967500e+15
2.778396009834932000e+15
2.092908755721472250e+15
2.860625850441702000e+15
2.881227451349233000e+15
2.912201576587598500e+15
1.994273308832527250e+15
2.881996057628851500e+15
3.300202728480984000e+15
3.626789182483149500e+15
3.258424783738292500e+15
2.876847510783949500e+15
1.218633404103510250e+15
3.323197021757735000e+15
3.161713882569758500e+15
1.778424126279305250e+15
2.420348412367709500e+15
2.776514946794372000e+15
1.180832617355195250e+15
3.471300174942845000e+15
2.863819270520352500e+15
3.234213176041825500e+15
2.720964722888699000e+15
3.415506552915115000e+15
3.031473735248677000e+15
2.993100764791756000e+15
2.150545987245577000e+15
2.332052363518079500e+15
2.164851866896542000e+15
2.854761206130190500e+15
2.545692113227159000e+15
3.120242196357272500e+15
2.511103535449142000e+15
2.347395605382774000e+15
2.424709602017072500e+15
2.735408543341931000e+15
4.216271620776967500e+15
3.832196640121891000e+15
3.140299859990833000e+15
3.032398112849355000e+15
3.228962425906532000e+15
3.016943300908878500e+15
1.964186250039566250e+15
3.572466876200091500e+15
3.023740000752143500e+15
2.488005642132529000e+15
2.505959063918232500e+15
4.132463902646017000e+15
3.141671195944296000e+15
2.993747602439247500e+15
3.867066261001892500e+15
3.542985869675506000e+15
3.129056009780211500e+15
2.252500286694505500e+15
2.400226804644247500e+15
2.789338492130973000e+15
3.085538289843631500e+15
3.560063911083044500e+15
2.900107291523271000e+15
2.210371049655866500e+15
2.524644473907273000e+15
2.520620790352532000e+15
2.264392612396385000e+15
1.296810520330704250e+15
2.594450117527170000e+15
4.012252839635874500e+15
2.784885244462762000e+15
3.014300949084575000e+15
3.416387287559051000e+15
3.304363673781912000e+15
3.200713096084899000e+15
2.897382365136061500e+15
2.640864675536431500e+15
3.398301477075785500e+15
3.076844479220778000e+15
2.771243860004017000e+15
3.237615201975019500e+15
9.711317310483143750e+14
3.650624760318543500e+15
2.407034425875866500e+15
3.254367532586936500e+15
2.545358002233059500e+15
2.574260351116346000e+15
3.401951015079621000e+15
3.137115317028231500e+15
1.999497081891147250e+15
3.394105327121855000e+15
2.923653410372469500e+15
3.487501785521759000e+15
2.428079019812076500e+15
2.131696630666310750e+15
2.908105420879067500e+15
2.835347973466853500e+15
3.026371910750855000e+15
4.210287538769570500e+15
3.662638076941304000e+15
3.972413054967785500e+15
2.271328062954663500e+15
3.273129423750993000e+15
2.588897993272992500e+15
2.738752422553621500e+15
2.767554086226896500e+15
3.407962595598752000e+15
2.993937808624957000e+15
2.950616158272120000e+15
3.953659636861628500e+15
4.225397683499415000e+15
3.357082640011920000e+15
3.215921070926531500e+15
2.167498347890427500e+15
3.348852560234360500e+15
4.075539603418138000e+15
2.246597723429986000e+15
3.146650542933173500e+15
2.368453921422828000e+15
3.125646653797032000e+15
2.578647525823385500e+15
3.037568382401795000e+15
3.185042865376018000e+15
2.444416601290151500e+15
2.713168126324125000e+15
3.194844704664244500e+15
2.843188299973480000e+15
3.552961380250612000e+15
2.245252936371669500e+15
2.656946153146330000e+15
3.481934577215321500e+15
2.382507606291587000e+15
2.045713859948052250e+15
2.206929662919254250e+15
3.572695740399841000e+15
2.105148454548119000e+15
2.246210791991995000e+15
2.896140888568154000e+15
3.636811776614621000e+15
2.828367169513711000e+15
3.871061604908398500e+15
1.944696271688692500e+15
3.529004391970798500e+15
3.845319108220546000e+15
1.572348456508768500e+15
3.279573028197247500e+15
2.625997572343838000e+15
2.246612939540252250e+15
1.121040128210046500e+15
3.177028365200032500e+15
2.514376542352349000e+15
3.417425951763032500e+15
3.140226240246370000e+15
2.642881429697634500e+15
3.662942389317387000e+15
3.264753082166029500e+15
2.511667745616510500e+15
2.100309119622277500e+15
2.294350238112477000e+15
2.853233542872617500e+15
3.058492942564235000e+15
1.758941801874570000e+15
3.805512305762365500e+15
2.733580107554923000e+15
3.798991196631410500e+15
2.379983262710677000e+15
3.243525752586426500e+15
2.989980265899362000e+15
2.746484283998753500e+15
2.412422373714577500e+15
2.135000230902945500e+15
2.694956869676724000e+15
2.313777836806084500e+15
4.346195790172372500e+15
2.064828648901965000e+15
3.049517117010522500e+15
2.136334755111823000e+15
3.462123472955284000e+15
3.630449052715042500e+15
3.276053180518237000e+15
3.784712437767321000e+15
4.241540901043720000e+15
1.767946808799742500e+15
3.394674388615929500e+15
2.775057901541058000e+15
2.818452620189547000e+15
2.009793722689369750e+15
2.832347256721417000e+15
2.736145125813766000e+15
3.018722551022197500e+15
3.300454929943966500e+15
3.823959077680584000e+15
3.005777009377587500e+15
2.891694851521928000e+15
3.690465259234514500e+15
2.145975020284433750e+15
3.079572935665970500e+15
1.940845366172399000e+15
3.428068129776481500e+15
3.205026365770025000e+15
3.138603405671442000e+15
2.895809380213242500e+15
2.575928220228505000e+15
2.971941486266334000e+15
2.154668806406579750e+15
3.349371472386772500e+15
2.902803125072685500e+15
2.919223769732143000e+15
4.059147243323256500e+15
2.843920673470341000e+15
2.661726550886866000e+15
3.144611019195209500e+15
3.284895026129313000e+15
2.972478660790485000e+15
2.830997811899770500e+15
3.007262730437296500e+15
2.246826138962390500e+15
3.976158090114149000e+15
2.199680051403944250e+15
2.972259927803848500e+15
3.814957770606299000e+15
3.035662334841533000e+15
3.314380511337904000e+15
3.375391221089713000e+15
2.167221013681134750e+15
3.033958386233196000e+15
2.968935616958549500e+15
3.671463041792987500e+15
2.332367238169304500e+15
3.369978349620568500e+15
3.371007580559023000e+15
3.509296332077784500e+15
1.760085025771144500e+15
2.065442837910081000e+15
2.239354199393658250e+15
3.256509450441097500e+15
3.261140422759533000e+15
3.376197288707046500e+15
2.874082311162753000e+15
2.678043275687232500e+15
3.041469052747066000e+15
3.036906802896620000e+15
3.111073885386159500e+15
2.950480279823016000e+15
2.682196728177410000e+15
2.674256101020570000e+15
2.894406988262289000e+15
3.406914415307538500e+15
2.095333221584613750e+15
2.484151684731147500e+15
3.013746149404507500e+15
1.793998598595652000e+15
1.183439002607432000e+15
2.791807562038721000e+15
3.689892231972740000e+15
2.086094700334656500e+15
3.060596536103650500e+15
2.595659534621172000e+15
2.286212942463083500e+15
1.436528094778612750e+15
3.401844859666022000e+15
3.792308785754334500e+15
2.628935041091042500e+15
2.937620521247613500e+15
2.972548345608350000e+15
2.711409308390426500e+15
3.189681221250674500e+15
2.942331294696208000e+15
2.589819247466956000e+15
1.974874315063040250e+15
2.828175443992391500e+15
3.547532986568322500e+15
2.697081956258763500e+15
4.239181003901603000e+15
2.232939968248255750e+15
2.205199603359986250e+15
3.205468721586407500e+15
2.666345174619309500e+15
2.647300424331787000e+15
4.183175798118448500e+15
2.299452457946337000e+15
2.806386844233270500e+15
3.583938728930333500e+15
3.160583308023359000e+15
1.678384608700375750e+15
2.658858923079794000e+15
1.943611223773429250e+15
3.403936140596079500e+15
1.575578776265290500e+15
2.780182544757210000e+15
3.426600624586914000e+15
2.191601647575479000e+15
2.130720486868471000e+15
2.975171978390270000e+15
2.794202150646742000e+15
2.622749436102889000e+15
2.391863067474728000e+15
2.950803865137971500e+15
3.973074224459019000e+15
2.377972109733497500e+15
3.403938989111270500e+15
2.256502738839908500e+15
3.549852637253871500e+15
3.820926647748816000e+15
2.627449871679803000e+15
3.099547151705123500e+15
3.539838082885681000e+15
2.818962021981725500e+15
3.292746776433888000e+15
2.801458128692932000e+15
1.964046548339717250e+15
3.513876195528596000e+15
2.798850142238566500e+15
1.621082283455291000e+15
3.336248646794205000e+15
2.561498121815252500e+15
2.991512186533491000e+15
2.640645480660124500e+15
3.426230175756862500e+15
3.510157319065625500e+15
2.640039869706020000e+15
3.130664205145435000e+15
2.514466197834467500e+15
2.323520067417962000e+15
2.898796240179462500e+15
2.493206747446146500e+15
3.822384298273523500e+15
2.867437066017290000e+15
3.333131737382073000e+15
2.824699016238803000e+15
2.240385454697819000e+15
2.627596693753989000e+15
1.920255741759426500e+15
3.680458085279668000e+15
3.358970884062196500e+15
2.813621656670389000e+15
3.473963716464305500e+15
3.106287397642497500e+15
3.136338883586967500e+15
3.324329984640977000e+15
3.081689139015912000e+15
2.138454930818691000e+15
3.384709812609477000e+15
3.037090302452670500e+15
3.143738026828566500e+15
2.808067378606275500e+15
2.145092548648048000e+15
3.684698855721617500e+15
2.675099570604173500e+15
3.428230762017533000e+15
2.148237655112644250e+15
3.352302446088099500e+15
3.089946632741662500e+15
3.704930605838408000e+15
3.962958270964674500e+15
3.803858489105817500e+15
2.991671361379521000e+15
2.451142233535066500e+15
3.311313692700393000e+15
3.374533057803590500e+15
3.259765377661983000e+15
3.471628426073914000e+15
2.755245545333944000e+15
2.913046826014725500e+15
3.636997304973536000e+15
2.929768641023310500e+15
2.159019083763199750e+15
2.749425448369971000e+15
2.688190483693736000e+15
1.731428521591077750e+15
1.523638695025052500e+15
3.160298381717104500e+15
2.291302013408539000e+15
3.872410300573946500e+15
2.429081129574957000e+15
1.907173467852909000e+15
2.654195995973100000e+15
3.051390270676056000e+15
2.857663976474680500e+15
3.676279992575649500e+15
3.747594483046141000e+15
3.092415722925872500e+15
2.771726056126596500e+15
2.387050435661979500e+15
2.953281427546981000e+15
3.563524307840964500e+15
1.756572855901909250e+15
3.144199364589905500e+15
3.123422791585576000e+15
3.233830510235263500e+15
3.212579852866098500e+15
1.969238979183635750e+15
2.765648042876957500e+15
3.356639761952004500e+15
2.206453510557017750e+15
2.698891072151346000e+15
2.743891366884263500e+15
4.059570047035566500e+15
2.734377257640895000e+15
3.153528402841828000e+15
2.514203639981770500e+15
3.727238908574814500e+15
2.436259180786953500e+15
2.960034295119071500e+15
3.038381844904599000e+15
3.536139399848283500e+15
2.268261632586791500e+15
1.479036117177613250e+15
3.384057511760647500e+15
2.099432892522708250e+15
3.289385099992835500e+15
2.679604056988623500e+15
3.313593036716915000e+15
3.108835837000192000e+15
2.633543359742347500e+15
2.688001747364791500e+15
3.411136010051650500e+15
3.051503139463911500e+15
3.233797614146181500e+15
2.818279098838369500e+15
3.294840304375646000e+15
3.079287878404650500e+15
3.771016726849222500e+15
2.000148509435124750e+15
2.749632692236324500e+15
2.751554277031139000e+15
2.823822792127020000e+15
2.847575954326684000e+15
2.071745214139875250e+15
3.042966766084285000e+15
2.686213031918022000e+15
3.130816977837661000e+15
1.698538216485464250e+15
2.772840471359885500e+15
3.047525480873241500e+15
2.424685729605953500e+15
2.968505713355595000e+15
3.008476795949570500e+15
3.859053575340208500e+15
2.071119503224380750e+15
2.561559007066001000e+15
2.393694710663905500e+15
3.406045049708737500e+15
3.741559197005758500e+15
2.628387225048694500e+15
3.111163314874781000e+15
2.852414612692664500e+15
2.956512035436377000e+15
2.870928388190429500e+15
3.193197670574301000e+15
3.005606826215202500e+15
3.584066913370741500e+15
3.274293938583939500e+15
3.280716542573137000e+15
3.534087457311221000e+15
3.356199374315401000e+15
3.051984503346252000e+15
3.039325154447809500e+15
2.600429494907811000e+15
2.032029401473713000e+15
3.551572400034106500e+15
3.556078903704311000e+15
2.467899401011694000e+15
4.204468458948611500e+15
2.603963467833008500e+15
3.324775939488754500e+15
2.939723470595555500e+15
2.313965638676541000e+15
3.584432779724895000e+15
3.294455963087146500e+15
2.222680468172524750e+15
2.453600354741935000e+15
2.766343564861050500e+15
3.693788646626395000e+15
1.985235132490541000e+15
3.376675576725592000e+15
3.278176732848199000e+15
2.833100467663110000e+15
3.283107821025982500e+15
3.566157412741973000e+15
2.339214280661458000e+15
2.101425708382594500e+15
2.109375167002894750e+15
2.825363950572561500e+15
3.809593137719862500e+15
3.362046533760275500e+15
1.832284409909752500e+15
3.700402004986102000e+15
3.063973150484576500e+15
3.261799906015741500e+15
3.721137337448739000e+15
2.993872570030286000e+15
3.192096770379531500e+15
3.336166392627249500e+15
3.184155839340509000e+15
1.725875864506026750e+15
3.410216708824970000e+15
3.128969075028072500e+15
3.338614968968680500e+15
3.105312597012909000e+15
3.693121696253609500e+15
3.235251258499608000e+15
3.216005845835160500e+15
3.091697786710362000e+15
3.272575728002274000e+15
2.657722550161953000e+15
4.450666862842784500e+15
2.793713087677697000e+15
3.213380535838309500e+15
2.459396900840344000e+15
3.537311213452281000e+15
3.572207549048929000e+15
2.985227975668492000e+15
2.844794106523816500e+15
2.714319811831555000e+15
2.993647268988741000e+15
2.619954648466712000e+15
2.521134774289690500e+15
3.243033587773588000e+15
2.984589531495784500e+15
3.028425619860334000e+15
2.208537832312509500e+15
2.856137729492313000e+15
3.075662606023684000e+15
2.762604528023855000e+15
3.231082156014673500e+15
2.693657887599865000e+15
2.813930173262091000e+15
2.871267718106608500e+15
2.765726863181121500e+15
3.297837991934464500e+15
3.690467371207272000e+15
3.479755709583684500e+15
3.946591382825604000e+15
2.918044740560360500e+15
3.118042913094599500e+15
2.811903577596216000e+15
3.007360622531094500e+15
3.691258032906721500e+15
3.558593728580114000e+15
3.447514467371068500e+15
3.721979391030250000e+15
3.927199931448020500e+15
3.166701131398211500e+15
3.153157357332348000e+15
2.040896134477547250e+15
3.801542763099865000e+15
3.564133467375648500e+15
3.703430517837338500e+15
3.215318535617373500e+15
3.155554071403228500e+15
2.470319465024404500e+15
2.983285322203503500e+15
2.728589353896482000e+15
3.081747005946034000e+15
2.892863024950097000e+15
3.009796942031118500e+15
1.988100102889644000e+15
3.358048862435619500e+15
2.473432599377297500e+15
3.551061391565050000e+15
3.925409967500543000e+15
2.939592955467789500e+15
2.855728093916286500e+15
2.851794922979754000e+15
2.572969040581318000e+15
3.442597364534052500e+15
2.714257699529421500e+15
3.569452496098907000e+15
2.532964388001239000e+15
3.865752127058317000e+15
3.306743815068862500e+15
2.574729539820052000e+15
2.702176007190480500e+15
3.667666529085051000e+15
2.418983651024668500e+15
2.730684752482745500e+15
3.533617791244169500e+15
3.068752023989230500e+15
2.681769765461702500e+15
3.219703679532176000e+15
2.864370073667385000e+15
2.957345787718864500e+15
3.015484260267489000e+15
2.706759193803229500e+15
3.271974086927152000e+15
1.540548609403692500e+15
3.453114812840812500e+15
3.264909207354947000e+15
2.830328644398636500e+15
3.114100396030964500e+15
2.660286877586838500e+15
3.455666884774520000e+15
2.659534999566951000e+15
3.036822880588467500e+15
3.448653390962781500e+15
2.612717773142873500e+15
3.426132754160449500e+15
3.146226730419852500e+15
1.559891661152198000e+15
2.396360528741283500e+15
2.449361146482918500e+15
2.743706765058869500e+15
3.460421279601553000e+15
3.475459436210060000e+15
4.668204060756083000e+15
3.409087439387898500e+15
3.082567391902130500e+15
2.900915515785782000e+15
3.556960572509994500e+15
2.827860122031920500e+15
2.596437901124085500e+15
3.553743508628972500e+15
3.381392899247831000e+15
2.750507959468856000e+15
2.476939662145766000e+15
2.808632336692212500e+15
3.575106295324035500e+15
2.818279676925685500e+15
2.964629632021214000e+15
3.144431973218013500e+15
3.267207823110977500e+15
3.168844917576890000e+15
2.524005695433029500e+15
3.088809529664385500e+15
3.421698760097743500e+15
3.269291323265687500e+15
2.871177633859264000e+15
2.328069460971577000e+15
2.585831895526057000e+15
2.806989779883436000e+15
2.562984124579378000e+15
2.326112230496917000e+15
2.091059943622796750e+15
3.156623752334347000e+15
2.501637167553690500e+15
2.551521527903809000e+15
2.445012601827734500e+15
2.362271215908372000e+15
1.409071323748348250e+15
1.934090086129967500e+15
1.990299479084011000e+15
1.612128956236196750e+15
3.156610706327310500e+15
1.260996152262606500e+15
2.277961418323140500e+15
1.946093222936207250e+15
3.584546491612463000e+15
1.736853323074155750e+15
2.199118507199227000e+15
3.138975980087708500e+15
2.291159010804554000e+15
4.420340818302331500e+15
2.914254342186992000e+15
2.853656701568053000e+15
1.255623038547679250e+15
2.491872573385552000e+15
2.103071884859969750e+15
1.874007737590921750e+15
2.366277420911324000e+15
3.188231901544762500e+15
2.780638676008522500e+15
4.255401060113140500e+15
3.095393562274620500e+15
2.240266881217068000e+15
3.457271138084583500e+15
2.255657579528120000e+15
2.945623670565718500e+15
2.279797839252538000e+15
2.698307584042081000e+15
1.723037032329605250e+15
2.641474221088322000e+15
2.070706514540836250e+15
2.181237857394559000e+15
2.177897808820384500e+15
2.060999818073842250e+15
2.994736292897610000e+15
2.441734475998849500e+15
3.541298995281978000e+15
2.786866553712995500e+15
3.652952318571140500e+15
1.402535339953957000e+15
1.783318056227347750e+15
1.454770891505691500e+15
2.524127456402202000e+15
1.867245634774848000e+15
4.216969458400118000e+15
2.257529607467535500e+15
1.780813911316006000e+15
2.294008473110365000e+15
2.156079743901520500e+15
2.218730902450477000e+15
2.119870056878264750e+15
3.164686585840769500e+15
3.273612123850407000e+15
1.894241207071984750e+15
2.121483158259677000e+15
2.297498269103864500e+15
2.027423407382222000e+15
2.874444088700688000e+15
3.547685463417023000e+15
2.436697599435231500e+15
1.870021256851601500e+15
1.911372554797947250e+15
2.045979304809968250e+15
1.737059774745247000e+15
1.833714514770665000e+15
2.001542768547228000e+15
2.600416470902516500e+15
3.518760723203784000e+15
2.944789554298078500e+15
2.615056456772518000e+15
3.132596058002245500e+15
2.456752672825174000e+15
3.131645067768276000e+15
2.629591491527705000e+15
1.668567153908427000e+15
3.226659182623317500e+15
2.972229492488701000e+15
3.089259832329844000e+15
1.208977949293105750e+15
2.670038456025265000e+15
2.699658716862370000e+15
2.928561274181675500e+15
1.878535651404658000e+15
3.348036770354211000e+15
2.603855619633016500e+15
1.555728828371244750e+15
2.347782904953844500e+15
2.884737512055649500e+15
2.331873232743216500e+15
2.337163336533375500e+15
3.301851799171883500e+15
2.720037615454393000e+15
2.290471566912068500e+15
3.089106608088977500e+15
1.738416634773721250e+15
2.184525010211942250e+15
3.162040379463920000e+15
2.163041725311334500e+15
2.846493935682253000e+15
1.955437467992126000e+15
1.593381065478534750e+15
2.560189547350764000e+15
1.784714537140976000e+15
1.876457878686785500e+15
2.012084723110481750e+15
3.515892878448467500e+15
3.498067202468059500e+15
2.241854664347688500e+15
1.965448884264432000e+15
2.985115955698911000e+15
2.729416971711042000e+15
2.222081924163818500e+15
2.380861539009310000e+15
2.580465235144519000e+15
2.537672756377301500e+15
2.379713378502316000e+15
3.496664374399968000e+15
2.720761385567422500e+15
2.453575082846576000e+15
2.401135744278326000e+15
1.525321274808607750e+15
1.840423560980733000e+15
1.672362578486739000e+15
2.118575158157051250e+15
4.012663158614419500e+15
2.215352737592187500e+15
2.452081533088885500e+15
1.133279471472160000e+15
1.558379879560401750e+15
3.819012890724189500e+15
2.590000853062813500e+15
2.607925508273621500e+15
2.969367178856524500e+15
3.002836406774436500e+15
2.965849114940580500e+15
2.860286451194378000e+15
1.664177779817134250e+15
3.906781146909428500e+15
1.253508316925242750e+15
2.049388685649372000e+15
3.191276350818621000e+15
2.432582946089929500e+15
3.009750014957652000e+15
3.005455614909809500e+15
3.117992998805801500e+15
3.389802915659500000e+15
2.508870360330391000e+15
2.168926740106992750e+15
2.801020628147059500e+15
2.626220336114837500e+15
2.555400321264284000e+15
3.440608857704990500e+15
3.428701131708484500e+15
2.055823004298197500e+15
4.034198896697053500e+15
3.152381812234841000e+15
2.735585932826261000e+15
1.635589142866583500e+15
1.768863888040307000e+15
2.474399439535882500e+15
3.799854733157206500e+15
2.066092257424486250e+15
2.845251868246543000e+15
1.875418091266200000e+15
2.764720288808848500e+15
2.903719003532765000e+15
2.487533710035858500e+15
2.517279781822223000e+15
2.583893613321540000e+15
3.136868570799099000e+15
2.722510149231146000e+15
2.977507693453008000e+15
2.355119163546189500e+15
2.143785295120141250e+15
2.018371378381447250e+15
2.848459180171260000e+15
2.635500083882505000e+15
1.757845141821469250e+15
2.491514588740829500e+15
3.629181238944819500e+15
3.382119774972877000e+15
2.746535947907730500e+15
2.928573552540505000e+15
2.454179977141565000e+15
2.652528832746984000e+15
3.696222361739648000e+15
1.785736948145434500e+15
3.292213148796251500e+15
2.755683988564038500e+15
2.448229968982503000e+15
2.578294991590511500e+15
2.775949541329478000e+15
1.119418973057482375e+15
2.596370338752699000e+15
1.896947197517654250e+15
2.746818413301063000e+15
2.649836875359161500e+15
2.097214879308378250e+15
2.475242794410513500e+15
2.327562488061825000e+15
3.665338343824072000e+15
3.125155700572642000e+15
3.582415888791557500e+15
1.026526199569242750e+15
2.986100381901963000e+15
3.182316748641713000e+15
2.857851899537244000e+15
1.610406208747319500e+15
1.186235043319772250e+15
2.641913615702996500e+15
2.047361725963234500e+15
2.833189393336086500e+15
2.130980200252225750e+15
3.848176357670131500e+15
2.278586748706806500e+15
3.804970702785245000e+15
3.293425855438287500e+15
3.660572146287781000e+15
1.808226168608708250e+15
2.612875402657029500e+15
1.768964224954866000e+15
2.576567358844475500e+15
2.040548047875369250e+15
2.759207461970403500e+15
2.450137978428706000e+15
3.682767085421233000e+15
1.754576708677050500e+15
3.219231189783411000e+15
3.143418075401009500e+15
1.925388127974028250e+15
3.192926417813751000e+15
1.190224348387668750e+15
2.567170975000420500e+15
3.272064184355846500e+15
2.933808897743713000e+15
2.728103425372584500e+15
2.125839908955397750e+15
3.133957851396442000e+15
3.410269613797638500e+15
2.475880594459529500e+15
2.230175139423329250e+15
2.906509426186665000e+15
2.534792383238609500e+15
3.859253023352815000e+15
8.318097488672411250e+14
2.807051636828450500e+15
2.001839903172606500e+15
2.981762774934837000e+15
1.987200158998920500e+15
2.489504626095665000e+15
2.471776031662415500e+15
3.289560839930998000e+15
2.853563721639665500e+15
1.437832046130385000e+15
3.091390515774065500e+15
2.553092423694235000e+15
2.358353140458891000e+15
2.757022055429865000e+15
3.020946046133432500e+15
2.992318384557396000e+15
2.151378902932967000e+15
2.382251452688406000e+15
2.747812746523110000e+15
2.718916688459164500e+15
2.516290957536719000e+15
3.440677534197396000e+15
2.485291671177640500e+15
2.589237489567389000e+15
3.635497739785837000e+15
3.099859915987723500e+15
3.210061058027875500e+15
3.416046389801320500e+15
2.888174603742549000e+15
3.756416539966054000e+15
2.864527860612299000e+15
3.237081017535930000e+15
1.659280067933228000e+15
2.836455213064694500e+15
2.210367362717291750e+15
2.280325544654475500e+15
2.679236590847102500e+15
8.716985466461208750e+14
2.761081334168035500e+15
3.144688176382640000e+15
3.124048524402847500e+15
3.087431660612860000e+15
2.450274556019603500e+15
2.918546492670512000e+15
2.244265761641177250e+15
2.389416161340210500e+15
3.810485710859735000e+15
2.673729384348427500e+15
2.943647738767094000e+15
2.983158701132827500e+15
2.889773922880452500e+15
1.396903445204973250e+15
3.296485352335220500e+15
3.633307651157641000e+15
2.840422391561603500e+15
2.235686930550818500e+15
3.147261398700513000e+15
2.473481632701465000e+15
2.849096940621550500e+15
2.196955332861457000e+15
2.741531888325388000e+15
2.454197231637287500e+15
2.386781871857185000e+15
2.825688482311774500e+15
3.635584323002012500e+15
3.070922013962553000e+15
2.365530402396791500e+15
3.078422097326056000e+15
3.621220728752915500e+15
2.516565521865660500e+15
3.046547561084336000e+15
3.234643704202124500e+15
3.181302970397847500e+15
2.496821199898579500e+15
1.854751912370771000e+15
2.715820398173673500e+15
2.778659157313741000e+15
2.271985285113045000e+15
3.056771726295000000e+15
2.739712404668619000e+15
2.615889621926063000e+15
2.082458587794083500e+15
3.161789393206386000e+15
3.100367742257729000e+15
3.830611984178122000e+15
2.309374826683996500e+15
2.783812806421989000e+15
2.944343477309580500e+15
3.704109007382898000e+15
2.461846737907003000e+15
3.170618132685996500e+15
3.289932985094693000e+15
3.299118556329195500e+15
2.465065672426900500e+15
2.903521507385064500e+15
1.211424972523546500e+15
2.999256334363141500e+15
3.250856241400740500e+15
2.650125835390828000e+15
2.853752816941875500e+15
3.669764854409443500e+15
2.768675852628684000e+15
2.727878904119549500e+15
3.341745913769302500e+15
2.431057940920706500e+15
2.330230314346800500e+15
3.563526003271902000e+15
2.731978540417770500e+15
2.998552456729971000e+15
2.568136283291196500e+15
3.183164258472834500e+15
1.984975695098946500e+15
2.312485305938653000e+15
2.685177908050030000e+15
3.465803264837890500e+15
2.531617976614534500e+15
2.849815663991934000e+15
2.971355757638798000e+15
2.541468827254934500e+15
2.439188387748096500e+15
2.356055706135099000e+15
3.185971339225338500e+15
3.746984816076274500e+15
1.968739326776696750e+15
2.249143617124025500e+15
1.715887676302998250e+15
3.800432948567220500e+15
2.780313193268870000e+15
2.203622729834814250e+15
1.918383184834927500e+15
3.790137310915278500e+15
2.039000661098757250e+15
2.939065070479905000e+15
2.451693164955669500e+15
2.083483930695047500e+15
2.747659567836260500e+15
2.429576120839414000e+15
3.352443207813088000e+15
2.704907022121056000e+15
1.533250513357483500e+15
3.084086542371713500e+15
3.101532820184784000e+15
2.403164115819994000e+15
4.751312274200231000e+15
2.902724929688722500e+15
1.880835985605482750e+15
3.267434517710877500e+15
3.236436332698307500e+15
3.144280463254663000e+15
2.701342713498204000e+15
2.375374575994589000e+15
3.418230897186267500e+15
3.593821288026170500e+15
2.945217197734327000e+15
3.362348968375389500e+15
3.194179379122302500e+15
2.426282951010493000e+15
2.669047614284945000e+15
2.939272930343076500e+15
2.535518852649015500e+15
2.408659774643198500e+15
2.721402276162589500e+15
2.116685433239893750e+15
4.231607988523114000e+15
2.732073959024553500e+15
3.358914077908498000e+15
3.017471500649050500e+15
2.618478080645412500e+15
1.816301054254270500e+15
2.753646674441209500e+15
2.925730931339748500e+15
2.356315742098820000e+15
3.286018754086773500e+15
2.800225536759216500e+15
3.192391072055140000e+15
2.593262712812312500e+15
3.191272969939017500e+15
2.412409883795506500e+15
3.286444888430564500e+15
1.795820152952499500e+15
1.885978920836147500e+15
1.724006587958306500e+15
2.024668946593867750e+15
3.490033718439383000e+15
2.713416349270841000e+15
3.459078962758734000e+15
1.752935972582080500e+15
2.910747507694247500e+15
2.754707438546539000e+15
1.909371241268580250e+15
3.861800824545932500e+15
2.702052565707322500e+15
3.276960778956016500e+15
3.422681242236289500e+15
3.124643855631390000e+15
1.987323071917022500e+15
2.836888100440367000e+15
2.869149403816188000e+15
3.041522147140396500e+15
2.452557172212514500e+15
2.839095698382136500e+15
2.994119482273097500e+15
2.747761152861306000e+15
2.968651035928010500e+15
1.976367653282344250e+15
2.486743482193112500e+15
2.858474422089743000e+15
2.923587506173646000e+15
4.530218765883082000e+15
3.394000219326131000e+15
2.727806550450303000e+15
3.061029660939532500e+15
3.225185704668308500e+15
4.481588154094367500e+15
2.774472048368374500e+15
3.142765447832574000e+15
2.903447707874735500e+15
3.008388883065835000e+15
2.734975885038668500e+15
2.988948759804909000e+15
2.907416339504170500e+15
2.704760215518608000e+15
2.731661082844734500e+15
2.935354711787806500e+15
2.137923634643199750e+15
2.212950836142681500e+15
2.905956919281157000e+15
3.920484653702723000e+15
2.094382159343603250e+15
2.729080134822519500e+15
3.369838427302848500e+15
3.141524713680022000e+15
3.415782332319303000e+15
2.216906418849123000e+15
3.628170885478156500e+15
2.971711874742591000e+15
2.723990229101048500e+15
1.974516989484692000e+15
2.650397367585295000e+15
4.310677049176804500e+15
2.554946187055855500e+15
2.745613376951294500e+15
2.875383289066050000e+15
2.153839985413880000e+15
3.137672555023901500e+15
3.074263035600341000e+15
1.846130740956841000e+15
1.720928700225030000e+15
3.231753091234692000e+15
3.924427988986511500e+15
3.649209192685522500e+15
2.974472373647030000e+15
1.581355001208536500e+15
3.026574720123556000e+15
1.929087693862344500e+15
3.076859388784346500e+15
3.114258055699991000e+15
3.158492565008599500e+15
3.833490280129449000e+15
1.681338313921491000e+15
4.262904491009047500e+15
2.718190577453726000e+15
2.009384409923440000e+15
3.534063865982862000e+15
3.557312058212908500e+15
2.480997979678243500e+15
2.422245079813133000e+15
2.234261382397659250e+15
2.462427981072268000e+15
3.991698574526259500e+15
2.600120895208862500e+15
3.425970846191870000e+15
3.547568112638126500e+15
3.894279266459702000e+15
3.397952930708522000e+15
2.335008471553930000e+15
3.341336920698110000e+15
2.457286042834966500e+15
2.160809081928808000e+15
3.300130249307940500e+15
2.640054807934715000e+15
3.420751239249188000e+15
3.598091667032230500e+15
3.078258509485237500e+15
2.166858912189477750e+15
3.253823916935536500e+15
2.258712253660080500e+15
3.749318716001973000e+15
3.149786234982269000e+15
3.183814336773463500e+15
3.681106488432475500e+15
3.947565664977998000e+15
2.855927508589253500e+15
3.443899312901678500e+15
1.249585557828171500e+15
2.664692344074415500e+15
2.948279268824454000e+15
2.862550258242609000e+15
3.106457089694538500e+15
2.186015145099858750e+15
3.081030002143977000e+15
2.986370371229096000e+15
2.479594573634982000e+15
3.442232319143894000e+15
2.283192504540092500e+15
3.177787888715158500e+15
3.806408524449074000e+15
2.396563020088792000e+15
2.863864602196953500e+15
3.166546428195546500e+15
2.600427132370936500e+15
2.440121641504688500e+15
3.263928042961867500e+15
2.263508540746990500e+15
3.410616995447710500e+15
3.939852352702837500e+15
1.967565074174842250e+15
3.176494323789454500e+15
1.461890014174033750e+15
2.653613930014244000e+15
2.971589390456049000e+15
3.823125656833528500e+15
2.442994659375851500e+15
2.224864730343854250e+15
2.959811234788202000e+15
3.415176947017076000e+15
3.922366509354293000e+15
2.772812411237838000e+15
3.272038199533857500e+15
1.881845933154573500e+15
4.144128063016170000e+15
2.014352896876731750e+15
3.132859974140824500e+15
2.254196859043639000e+15
3.396692675979260000e+15
2.234341746315340500e+15
2.150179390599122750e+15
2.535449909636006500e+15
2.381781984601170500e+15
1.748203656066484000e+15
3.245052195729623000e+15
1.423055840045047500e+15
3.505334764505989000e+15
3.381795935019963000e+15
2.849164109866320500e+15
2.960157736705342000e+15
2.292372763953654000e+15
1.712191037115885500e+15
2.284963414604457500e+15
3.175116917545227000e+15
2.769541649912800500e+15
3.407142133582259500e+15
3.115664454499532000e+15
2.400352953802526000e+15
3.104187615072344500e+15
2.004417353718547000e+15
3.093270142806184500e+15
3.131963580252217000e+15
1.667439820135419250e+15
3.204937523007175000e+15
2.819645048609097000e+15
2.254235003610029500e+15
3.529422404966898500e+15
3.095726542596518000e+15
2.476441850959444000e+15
1.823414654945484250e+15
3.363130394274731000e+15
1.421213249116193000e+15
3.098787371798135500e+15
3.029719862087704000e+15
3.287626554738638000e+15
2.970287630809822000e+15
2.896241951977823500e+15
2.436979781487695500e+15
2.338353646199337500e+15
3.592484945581753000e+15
2.949128691940755500e+15
3.035920681265194500e+15
3.302295061982706500e+15
2.862491281598033500e+15
2.235385861826102750e+15
2.871156650958587500e+15
2.515273126361918500e+15
2.303038949661198000e+15
2.853302111034192500e+15
3.043815191884764500e+15
2.031399829768092250e+15
2.995776246728186000e+15
3.335910667475551500e+15
3.246702040966872000e+15
3.501453691687128000e+15
3.102776515148639000e+15
2.689609070689722500e+15
2.558611234345595000e+15
2.557745963831322000e+15
3.546957855075620000e+15
2.649722439933617000e+15
2.613953041401151000e+15
2.303087813997890500e+15
2.865410164074801000e+15
2.335754884936056000e+15
4.165939759304283000e+15
3.020084387054254500e+15
3.886244803557491000e+15
3.230395301057552000e+15
2.930137662049859500e+15
2.733216502028534500e+15
3.149338807068755000e+15
2.057497746758940500e+15
2.981085033785440000e+15
2.475435346921200500e+15
2.759220648093160000e+15
3.791070399104856000e+15
3.240537069059047000e+15
2.581408159513921000e+15
2.778050126915767000e+15
3.461292472714013000e+15
2.340209612145062500e+15
2.960992750169658500e+15
2.651141743081768500e+15
3.193551755828127500e+15
3.413422703266210500e+15
3.110303027195918500e+15
1.908751082406735250e+15
2.485724896703794500e+15
2.849222235134124000e+15
3.137395851323160000e+15
3.579340640498408000e+15
2.716332441275548000e+15
3.729409097377574500e+15
2.239629178308794500e+15
3.457380451870248500e+15
2.277775034678121000e+15
3.209306255150467000e+15
2.806504233824835000e+15
3.792185101835963000e+15
3.490739084601653000e+15
3.303560353676476500e+15
2.749575409232764500e+15
2.616555990666596000e+15
3.286285193451686500e+15
2.273182281331463000e+15
3.270782439989713500e+15
2.576990731374180000e+15
1.604762392636617750e+15
1.451051833261053500e+15
2.147458493382828750e+15
2.416021217741238500e+15
3.157792480988514000e+15
2.354223125729040000e+15
2.606756569636468000e+15
2.493553184600457500e+15
3.487954229505774500e+15
3.110243787869610000e+15
2.576129535408196000e+15
2.898200175345815000e+15
3.200943394316838500e+15
2.849275714951501000e+15
3.426141560850416000e+15
2.569587110111250500e+15
2.562259808426350500e+15
3.944934704294242000e+15
2.165860503658626250e+15
1.583833933658309500e+15
3.869942041824706500e+15
3.639940510821446000e+15
2.314160902727916000e+15
3.425017032182514000e+15
2.620861847033097500e+15
3.847469866187435500e+15
3.827068087544784500e+15
3.358303057903906000e+15
2.519227955823052500e+15
2.773662140392772000e+15
3.226942344473162000e+15
3.935508928497404000e+15
3.250582372290671000e+15
2.918701959645257000e+15
2.889054108988224500e+15
2.992206079337979000e+15
3.035952801728084000e+15
3.176688775269324500e+15
2.535798349398196000e+15
3.060089194395455500e+15
3.133207054378914000e+15
3.038813612582260500e+15
3.776363802104518500e+15
2.616865379894430500e+15
2.394063420673916500e+15
2.130128950872091500e+15
2.881757692300266500e+15
1.827950343551890250e+15
3.110429762426258500e+15
3.227456475113877500e+15
3.304009745442587000e+15
2.702086768123862500e+15
2.531692233360686000e+15
3.639388714027523500e+15
2.207045177343590750e+15
3.050509025290630000e+15
4.071262797588581500e+15
2.898038000411617500e+15
3.531868157150220000e+15
2.789009467926903500e+15
2.578791230496383500e+15
2.374794952751761000e+15
1.482218730065789250e+15
3.247955770123579500e+15
3.363920212435700500e+15
3.195559982612599500e+15
3.096619274021939500e+15
2.727583120235459500e+15
2.556602340949032500e+15
3.906874128350703000e+15
3.089804891560572000e+15
3.477262009731276500e+15
3.054500036903652000e+15
2.420649924735990500e+15
2.920576419411709000e+15
1.780882603801824250e+15
1.377313107963006000e+15
2.724378334453803000e+15
3.327628377546142000e+15
2.223919532419224250e+15
2.778408932183129500e+15
2.992904063939087500e+15
3.111799665144426500e+15
2.781851980246195500e+15
3.064016288545135000e+15
3.020660953887147000e+15
2.997952894792169000e+15
2.349926130961267500e+15
1.802666055747580500e+15
3.629807433664109000e+15
3.428347670074903500e+15
2.738936853860947500e+15
3.123000930652754000e+15
2.703348968278251000e+15
4.042660563195923500e+15
3.168449378437969500e+15
2.679886479524985000e+15
2.375994900211311500e+15
1.579287531286776250e+15
2.632830122901099500e+15
2.953095264908151000e+15
2.175783831621538250e+15
2.606566763500154000e+15
1.684918211861930500e+15
2.026930459737861750e+15
2.312924644357987000e+15
3.142302430407348500e+15
3.237617034423972500e+15
2.178193240343913000e+15
2.941569348607562500e+15
3.118584416478176500e+15
4.679295212962242000e+15
3.704068562059850500e+15
3.246925787436742500e+15
2.791171120134880000e+15
2.438269273617762000e+15
2.611952109666791500e+15
3.227283131928785500e+15
2.462486456821807000e+15
2.706528933883261000e+15
4.425415296971572000e+15
2.348251111974083500e+15
3.219448497176319500e+15
2.560828863634824000e+15
3.195531861436644500e+15
2.614804775225658000e+15
2.202120319914087000e+15
2.904771119328241000e+15
2.336333302498798000e+15
3.385722289604403000e+15
2.671883056524123500e+15
3.275228416830099000e+15
3.455643752123769500e+15
3.180901939678957500e+15
2.017035057234367500e+15
2.538396781080110000e+15
2.546100214505411500e+15
4.243017043213118000e+15
2.015408730529533000e+15
3.450936070436686000e+15
3.759975679678993500e+15
2.709843519823232000e+15
2.867624048928416000e+15
2.261668587755021000e+15
2.707150527944303000e+15
3.248372621948978000e+15
3.385904205191341000e+15
2.989679884993580500e+15
3.238355413489868000e+15
2.735656077358421000e+15
2.690183649939734000e+15
4.016475717699952500e+15
3.143901968729749000e+15
4.286614974682349000e+15
3.327402943168339500e+15
2.624275955642370500e+15
3.283943563528141500e+15
2.606525926248595500e+15
2.521850963356181500e+15
3.541222429691383000e+15
3.699050729737177000e+15
3.303262607984366500e+15
2.899612057769220500e+15
2.138826674293030750e+15
4.216979289985940500e+15
3.428894404510621000e+15
2.685357520408387500e+15
3.425697719926213000e+15
2.866160628026540000e+15
2.795760471963534500e+15
2.672402926586085500e+15
2.668470809506156500e+15
1.736228670155668500e+15
3.418209210682695500e+15
2.450395881287839000e+15
3.335979523289379000e+15
2.470838051272133500e+15
3.072781964779342000e+15
4.637342570928260000e+15
2.841276702069617000e+15
3.676793265751309000e+15
2.357612612805195500e+15
3.196763970760095500e+15
4.111634251444502500e+15
3.241254249460197500e+15
2.806960284977993500e+15
3.105228601652465500e+15
2.867061719220940500e+15
2.618538932029137000e+15
2.319340124078574500e+15
3.981177111933191000e+15
3.337409187199892000e+15
2.483082293500282500e+15
3.372887912026236500e+15
2.836163948038406500e+15
3.692155254181490000e+15
3.057040040471456000e+15
1.733781335900895750e+15
2.332375675413470000e+15
3.109506854180782000e+15
3.563021434587654500e+15
2.876257181500582000e+15
3.041650015964336000e+15
3.417373091700820000e+15
2.420796376710476000e+15
3.048179821449573000e+15
3.058187577169232500e+15
3.074714891158935500e+15
2.379742170137192500e+15
2.221999468767676250e+15
3.105871738415803500e+15
3.565839501179107000e+15
2.901851542817346500e+15
3.732315497136307500e+15
3.391493210751147000e+15
2.536873065377593000e+15
3.623536094205557500e+15
2.150540084290818750e+15
3.520820434830346000e+15
3.109038597366838500e+15
3.892170452546846000e+15
3.421047636505416500e+15
2.777288459621680000e+15
3.357770044724426500e+15
2.853137728952758000e+15
2.726646577096504500e+15
1.704731338945526250e+15
3.032704106819014000e+15
2.848902561380516500e+15
2.834318743313181500e+15
2.756574651182834500e+15
2.412906814667687000e+15
1.915681190817171750e+15
3.796163880414560500e+15
2.491742824651737500e+15
3.353511832510062000e+15
3.882978584204431500e+15
2.485940539566099000e+15
3.267099132933003500e+15
2.568099584002924500e+15
2.927369901140760500e+15
3.364920025003048500e+15
3.533860842552425000e+15
3.701945914772529500e+15
2.443900104876055500e+15
2.705851330636448500e+15
2.826799885755959500e+15
3.661797944112342000e+15
2.693684313237345000e+15
2.862703005194837000e+15
3.081671427094805000e+15
2.947597894053355500e+15
3.894867237641876000e+15
2.364233963182106500e+15
2.627891699701777500e+15
2.763211564193920500e+15
3.975916451432246500e+15
3.080504463837647000e+15
3.760604264854724000e+15
2.733686607687999000e+15
3.549378011462674500e+15
3.618990555069785500e+15
4.236008503493972000e+15
2.028175217246864250e+15
2.430339310049072000e+15
2.359155879310724000e+15
2.965230130516459000e+15
3.628995431412664000e+15
2.163143714366415250e+15
2.618037727633937500e+15
2.005703140529014750e+15
2.731885580591046500e+15
3.586102179349135500e+15
2.745705985745566000e+15
3.257124944622067000e+15
3.449165173171736000e+15
3.476324238429723000e+15
3.538135285894947500e+15
2.947135226004461000e+15
2.159574820731480250e+15
2.831247737958489000e+15
3.114810056373452000e+15
2.664623956273662500e+15
2.773900703342937000e+15
3.117933016741611000e+15
3.207923946951037500e+15
2.875731005082045500e+15
2.024347068463627500e+15
3.568202287292405000e+15
3.893004239897982500e+15
1.433527155012408750e+15
1.886228667664874750e+15
2.145673631072585750e+15
2.198866306986792500e+15
3.061650685433521000e+15
3.434506082012095000e+15
2.014865029461007750e+15
2.730190374220571500e+15
3.477380629542702500e+15
2.801319099746361500e+15
2.123032103379110250e+15
3.454535549688352500e+15
2.906875591315495000e+15
3.032726247850108500e+15
3.577494994056903500e+15
1.770114956753031000e+15
2.765862026621157000e+15
2.789933014489148500e+15
2.924406590678713500e+15
2.386667288326153000e+15
3.364022691767405000e+15
3.803038230829947000e+15
1.379893766152772000e+15
3.096674640747265000e+15
2.578782284481899500e+15
3.821912716864171000e+15
2.975481125177584500e+15
2.952973668473732500e+15
2.995413558965424000e+15
3.102764944365540500e+15
2.899602020338529000e+15
2.826681969845313000e+15
2.641147455251370500e+15
2.572209536345948000e+15
3.594412716757158000e+15
2.697155430534588000e+15
3.723143059730470000e+15
3.184990430587933500e+15
2.562470786657029000e+15
2.626561050160281000e+15
2.598806540095811000e+15
3.323018958716106000e+15
3.252789121064222500e+15
2.594261910984084000e+15
2.711958442355578500e+15
3.519378048763219000e+15
3.251626006075505000e+15
2.086938276257634250e+15
1.946226678870067500e+15
2.461831394642437000e+15
2.450829570235028500e+15
2.918009458958754000e+15
3.211694357621036500e+15
3.610021031058066500e+15
3.597055877916464000e+15
3.157511848967749500e+15
2.656435215010079500e+15
2.673104609533925500e+15
4.325536010441058000e+15
3.225935545769476000e+15
3.095195373891842500e+15
2.989014715471236000e+15
2.777171693808322500e+15
2.928334196113917500e+15
3.591539667423642500e+15
2.711899844383614000e+15
3.321791609094759500e+15
3.081052784005940000e+15
2.981498510701913000e+15
1.223187730440708500e+15
3.085020842722450500e+15
2.438718099427241500e+15
2.975086646962995000e+15
2.984346819220785500e+15
3.646070361126801500e+15
3.038546287441429500e+15
3.164195128951187000e+15
3.082418629103410000e+15
2.555127017865917000e+15
3.246508939640502000e+15
3.510603507850914000e+15
3.144079625067484000e+15
2.333353111687312500e+15
2.267760064203908500e+15
3.185009533803394000e+15
2.803735988046150000e+15
3.165503050099520500e+15
2.694082269218013000e+15
3.591562323071187500e+15
3.447470770415425500e+15
2.906715721313689500e+15
3.118701627464771000e+15
3.078998416848230500e+15
1.846552284281374000e+15
3.170701284516641000e+15
2.342700518628789000e+15
3.497084954645674500e+15
3.481517866593217000e+15
2.429573579143443000e+15
2.802241523752825000e+15
2.156815633891270500e+15
3.283158882794402500e+15
3.063598098328280500e+15
3.482413837063157000e+15
2.199432701788457500e+15
3.146897368469627000e+15
2.536803111519163500e+15
2.300270514870642500e+15
2.514680108623145000e+15
2.545118809179117000e+15
2.683022452156592500e+15
2.631327558085461000e+15
3.321511761655857000e+15
2.849111131197417000e+15
2.445819306692753000e+15
2.793469873658508500e+15
2.478049066565033500e+15
3.151735411970289000e+15
1.824459741579521250e+15
3.537662587180784000e+15
2.931769767831053000e+15
3.049271617875259000e+15
2.983482720364284000e+15
2.551827449036405500e+15
3.027690101517968500e+15
1.743524991950718500e+15
3.701834804503984000e+15
2.524752184634951000e+15
2.341871192268408000e+15
2.263239316400512500e+15
2.043875263542547250e+15
3.342198345198451000e+15
3.061435963731596000e+15
2.226828551454378000e+15
3.160715131540952000e+15
3.413054085231256500e+15
2.753785442915011500e+15
2.818177455376376000e+15
2.945194261424014000e+15
2.734461355042952000e+15
2.507006303352437000e+15
3.073633669789631000e+15
3.147269186117510000e+15
3.800267985973453000e+15
2.979234803551859500e+15
2.819945057813924500e+15
2.961955026207490000e+15
3.263212718913287500e+15
2.523020793955189500e+15
3.446262258596472000e+15
3.383995829794529500e+15
3.049784654475911500e+15
3.424687086120605500e+15
2.862578570713410500e+15
3.364189917610019500e+15
2.847929710514902000e+15
1.963163169288356750e+15
3.570268669352397000e+15
4.200752982620729000e+15
2.914477830761751000e+15
3.793939019231390000e+15
2.766375733160500000e+15
2.790956951797061500e+15
2.616712499261924000e+15
3.327674306531410500e+15
2.807105495660353000e+15
3.350196718792030500e+15
3.127609199242488000e+15
2.514976931761233500e+15
3.175427679576714500e+15
3.649749550221235000e+15
3.073584575023043500e+15
2.849209834853337000e+15
3.315770153119611000e+15
2.778362902595784500e+15
2.960726877581225500e+15
2.553028827699516500e+15
2.373176107151358000e+15
2.377361926413598500e+15
3.065272232350452000e+15
3.730350606402278500e+15
3.077976976468250000e+15
2.354330179326961500e+15
3.516036897314721500e+15
3.430196941934390000e+15
3.039540950019317000e+15
3.601332354599359000e+15
3.577764513546175000e+15
2.990734057762083500e+15
1.594980551198029000e+15
2.945110113101637000e+15
2.694810534037804000e+15
3.152375961270441000e+15
3.178901263326439500e+15
3.483611015332769500e+15
2.436491972770471000e+15
3.590060869780669500e+15
3.109465153090492500e+15
2.959547038194738000e+15
2.949906553638474000e+15
3.191777816998071000e+15
2.611430390736662500e+15
2.610081827636672000e+15
1.140998314268787500e+15
3.744957248072837000e+15
3.078368956469446000e+15
3.756924217963927500e+15
2.053826257505945250e+15
3.192120519992940000e+15
2.021487472433009250e+15
3.043118427214488000e+15
1.834221099598644250e+15
2.623437675797535500e+15
3.108664032267818500e+15
3.144594703104761000e+15
3.005775511702939000e+15
2.724931377785782500e+15
3.434036170802865500e+15
2.856548352602350000e+15
3.258921653940767500e+15
2.329073815002207000e+15
2.209722862393658000e+15
3.101687570949479500e+15
2.996731117495984000e+15
3.257388860206324000e+15
3.561919270991559500e+15
2.938388031273324000e+15
2.501877208993543000e+15
3.676576425113695000e+15
3.154419465836550500e+15
3.346088708020328000e+15
4.427956345259046500e+15
3.790072259674300500e+15
2.962447995648538500e+15
2.956071385999857500e+15
3.182726003376157000e+15
3.156040532417949500e+15
2.001846115581795750e+15
2.707435971100732000e+15
2.764842658123411000e+15
3.310193469275898000e+15
2.352631707597802000e+15
3.513631138039715500e+15
2.537294632461639500e+15
3.142057487730347500e+15
2.955439108015204500e+15
3.163024642378866000e+15
3.678103055791506500e+15
3.482329926740875500e+15
3.317511689018953500e+15
3.300792732190455000e+15
2.858405931972928000e+15
2.809965183165876500e+15
2.156519949361611000e+15
3.157621055259563000e+15
1.385155435119480750e+15
2.675607572334898000e+15
2.477179397671250000e+15
2.891868535102186000e+15
1.921232176279600750e+15
2.035251391860554000e+15
2.620933818200351000e+15
3.725559045418333000e+15
3.425561540998333500e+15
2.756751371444870500e+15
2.860026009232192000e+15
2.971207297829687000e+15
1.760030145414873750e+15
2.583131304894860500e+15
2.717593046539500000e+15
3.312125884895464500e+15
2.938892464758870000e+15
2.466601363987484500e+15
3.674594702053917500e+15
3.379869788596337500e+15
3.448395830064269000e+15
3.235683986272842500e+15
3.085057355886670000e+15
3.371505440343271000e+15
2.164230311917895500e+15
2.830319955778109000e+15
3.246216631840123500e+15
2.678225350131787000e+15
3.578579738957586000e+15
3.348554157213776500e+15
3.416889322215027000e+15
2.452570606277447000e+15
3.352925112719851500e+15
2.454899824027111500e+15
2.216198931109291250e+15
4.270712716446443500e+15
2.715804705979718500e+15
2.571399538089888000e+15
3.451895914989478000e+15
2.781582139290216500e+15
2.950273839676737500e+15
3.379333336533519000e+15
1.762614825501122500e+15
3.517198426833147000e+15
3.851137303868760000e+15
2.550635245824222500e+15
2.878169957721774000e+15
2.902684171305663500e+15
1.616068501703085250e+15
2.218791862071442750e+15
2.622605979762821500e+15
2.752776533825179500e+15
2.524281027627099000e+15
3.341745703571885500e+15
4.376997567087257000e+15
1.018861252413423750e+15
3.635209663932031500e+15
3.037918258576294000e+15
3.383461830216165500e+15
2.605751896656733500e+15
2.477861759380702500e+15
3.764853429615427500e+15
3.226196606360592000e+15
2.539027166123233500e+15
3.045490004046807500e+15
4.257875466295725500e+15
2.849681029912560500e+15
2.804460529156923500e+15
2.019307595473321500e+15
2.846036390444705000e+15
3.455311656852811000e+15
2.762674134541722500e+15
3.297457629229562000e+15
3.610306017093667000e+15
2.519325126644802500e+15
3.364014108119994000e+15
3.203001634049579500e+15
3.632090231759032000e+15
2.747000319658664500e+15
3.523276359371968500e+15
2.949833553123458500e+15
2.488398198158571000e+15
3.295159220524170000e+15
2.768009054017897500e+15
1.999196627461834500e+15
2.892917884807454500e+15
2.693722000675830000e+15
3.257709092327047500e+15
2.712855989465751000e+15
3.201990372934829500e+15
3.232050791832276500e+15
3.230555074751479500e+15
2.764689775772972000e+15
2.929801676789467500e+15
4.292029522474508500e+15
2.231349303267447750e+15
4.429684147822907500e+15
3.385445283645627500e+15
3.376614334875997000e+15
3.443334785972763500e+15
3.125012959693260000e+15
3.310912136835966500e+15
2.783010651676314500e+15
3.174572853528732500e+15
2.741837982364187000e+15
2.686010879507611500e+15
3.149239467910908500e+15
3.386205724286805000e+15
2.532545056873969000e+15
2.017886034601074500e+15
2.188523927517181750e+15
2.995062049933458000e+15
3.190061364486877000e+15
2.737973875376286000e+15
3.370306711907169500e+15
2.637394326769848000e+15
3.677502946738107500e+15
2.342320330092893000e+15
2.947437300245387000e+15
3.492888118915197000e+15
1.967471839385493000e+15
2.604334484354951500e+15
2.639363531190491000e+15
3.111592413519602500e+15
2.532569919130246500e+15
2.184067695457481000e+15
3.414098201915199500e+15
1.603927828757975000e+15
3.329421734516429500e+15
2.978991949009584500e+15
2.652145225079696000e+15
3.156234108347198500e+15
3.319446289675745000e+15
2.153355718061555750e+15
1.725128463796606750e+15
3.280721164046332500e+15
3.240173509001418500e+15
3.930614007497407500e+15
3.068145774230866000e+15
3.138265181364965500e+15
3.410030868883346000e+15
2.900494728231202000e+15
2.996395976131885500e+15
3.394129361276573500e+15
3.123230811965363500e+15
3.446832686278041500e+15
2.392110062621650000e+15
3.531611042709692000e+15
2.145447245251731750e+15
3.850095418292595000e+15
2.401418929513216500e+15
2.552853418028241500e+15
2.827705876529959000e+15
4.581078437973072000e+15
2.728072744517296000e+15
3.292996084966280500e+15
3.973974782279191500e+15
2.728780000261244000e+15
3.140780370200266500e+15
1.837231299999387250e+15
2.851094526841680500e+15
3.419278390261899000e+15
3.314240865035518000e+15
3.825289675314527000e+15
3.362263462743657500e+15
3.241252980726209000e+15
2.194469535416095250e+15
3.237209474911518500e+15
3.184058506788580500e+15
2.783835250087970000e+15
3.358906493380228000e+15
3.620220053872589000e+15
2.632648672340396500e+15
3.352845232729905000e+15
3.149646531135530500e+15
2.771298673301356500e+15
4.101959671546017000e+15
2.827197859274958000e+15
3.147576841827715500e+15
3.348307338839802500e+15
2.775841597307686500e+15
4.292187359409943500e+15
3.139387831976712500e+15
3.156266475692939000e+15
3.127364975942922500e+15
3.711736935142168000e+15
2.501948582371275000e+15
3.267760315179701500e+15
1.907096249894307250e+15
2.876713304728900000e+15
3.127155148352755500e+15
2.987943894581095000e+15
2.457061418910861500e+15
3.665361988368799500e+15
2.735710872223155000e+15
2.268387221549638500e+15
3.373624712048328000e+15
3.540211598409742000e+15
3.237069642163988000e+15
3.224648855092435500e+15
3.053836474139210500e+15
3.004268983359778000e+15
1.785929380195853000e+15
2.564191982114267000e+15
2.888066375872520500e+15
3.247228072420609500e+15
2.638838982975582000e+15
2.506697278100809500e+15
2.819544943413281500e+15
3.567957648674661000e+15
2.619122686023912000e+15
2.492017641781846500e+15
3.133894494871706500e+15
3.947392553095082000e+15
3.394292313830449000e+15
3.019597446338369000e+15
2.054735064081442250e+15
1.824167960107253500e+15
1.871849140818945000e+15
3.390293275044532000e+15
2.438748678977900500e+15
3.398512227552991500e+15
2.001100043817686250e+15
3.072999422053150000e+15
2.337131821555926000e+15
2.858090762652772500e+15
2.668325294976113000e+15
3.151309036715442000e+15
2.287308256026400500e+15
3.853480242784978000e+15
2.529381706137879000e+15
3.054151459252611000e+15
3.860676066332871500e+15
3.667560868765111000e+15
3.615989178741103500e+15
2.610303193813249000e+15
3.025370122629188500e+15
2.740219413510411500e+15
3.720410988529444500e+15
3.377695187509763500e+15
2.881801346156858500e+15
1.910823206420046750e+15
3.782483132087397500e+15
3.872042090640691500e+15
3.357060415483662500e+15
3.111675019574301000e+15
3.364770343937032000e+15
2.720264955496224500e+15
3.621524529418245500e+15
3.016939744294510500e+15
2.973536360555223500e+15
3.599130450281518000e+15
2.934562229327200000e+15
2.661687165072350500e+15
2.286640680948148500e+15
3.361992268201192000e+15
4.078223118430064500e+15
3.960411958281485000e+15
2.786597695851845000e+15
2.933695044858168000e+15
2.839889437742930500e+15
2.739011481183563000e+15
3.954722447934790000e+15
2.199965291727956250e+15
2.926833739989798500e+15
1.460610792938242500e+15
2.555523520896309500e+15
1.768908921373441000e+15
2.534614298641679500e+15
2.910321942419784000e+15
1.769635806758802000e+15
3.076561132229077500e+15
2.557740653210166500e+15
2.777393966498777500e+15
3.259087484752958500e+15
3.010382250176701500e+15
3.359697022346936000e+15
3.897734740638429500e+15
3.380772931629385000e+15
1.897957959262796250e+15
3.036314927765562500e+15
2.893819617763815000e+15
3.503876657944333500e+15
1.427839331349375500e+15
2.794625199648495500e+15
3.203256776741620500e+15
3.082622923389998500e+15
3.313727020318033500e+15
2.596120877163054500e+15
4.607906307463885000e+15
2.916231827436017000e+15
2.853434273099988000e+15
2.310707551855941500e+15
2.798077206155336000e+15
2.834188713040015500e+15
2.736385779728669500e+15
2.315667248340034500e+15
3.709043893497721000e+15
3.551684093130396500e+15
3.849965994951494500e+15
2.985679199027096500e+15
1.522205342660513500e+15
1.834255033646755750e+15
3.180898509848970000e+15
2.356419924769582500e+15
3.384569068340356500e+15
3.647822088439639500e+15
4.783521699327261000e+15
3.343919026412939500e+15
2.926412178524710000e+15
2.981736711831597000e+15
2.104369030514280750e+15
3.120193758157516000e+15
3.862694301997609000e+15
1.448590672745029500e+15
1.353959106174782250e+15
1.710674614155684750e+15
3.289553301948470500e+15
2.020021886697114000e+15
2.767782098213537500e+15
2.188187615633614250e+15
2.702794947902520500e+15
3.866982986999817500e+15
2.884136861398189000e+15
4.245585873996076000e+15
2.468439800745376000e+15
3.764662972100664000e+15
2.365037452241973500e+15
4.384125700936644500e+15
2.705851255034283500e+15
1.756193301744167000e+15
2.227632502276193750e+15
2.485180124445941500e+15
3.429612408553504000e+15
3.384799977475136500e+15
3.083673946929035500e+15
3.135774216491228500e+15
2.771102616442416000e+15
2.683230771569360500e+15
2.433777197860940000e+15
3.306280012672586000e+15
2.685497920744391000e+15
3.576830170829822500e+15
1.298661094514247000e+15
3.231411495812373500e+15
2.730615162570325500e+15
2.931410669455633000e+15
3.226582264840085000e+15
3.850867905041165500e+15
2.454058168637977000e+15
3.540370803466696000e+15
2.991472130645668000e+15
2.411880037487024000e+15
2.544044879180623000e+15
3.162270823236569500e+15
3.112771538109511500e+15
3.074537955656862500e+15
2.813318427019536000e+15
3.237220400552696000e+15
2.549844302282430500e+15
2.662921336824324500e+15
2.241851440398594250e+15
2.773773031479284500e+15
3.060501322623972500e+15
2.445452972791743000e+15
3.022523548610883500e+15
3.201000653874935500e+15
3.041202273444027500e+15
3.081779400914946500e+15
2.250222220311867000e+15
1.505515092584111500e+15
2.292557635598676500e+15
2.436195720405020500e+15
3.286737689476022500e+15
2.312755302269941500e+15
2.582436614759247000e+15
2.761869620849091000e+15
3.919336363900823000e+15
3.005108416654617500e+15
2.798628653399048000e+15
3.088031839087054000e+15
2.713154532231590000e+15
2.658358316924299500e+15
2.654398179088093500e+15
2.674208536948707000e+15
1.622059644165699750e+15
2.680240241351825500e+15
2.435803399464312000e+15
2.960183474981674500e+15
2.210017361136399500e+15
3.268752247637407000e+15
2.129633027034883250e+15
2.743610621700324000e+15
1.921900060030341000e+15
3.304630218220900500e+15
3.082595765278503000e+15
2.255354898421339000e+15
1.913508899836085500e+15
3.318755158951476000e+15
2.084782297186381500e+15
2.907668564934191000e+15
3.858805002073692000e+15
3.552211119231300000e+15
2.879678704910491500e+15
2.521758244457523000e+15
3.192921103525545000e+15
2.582819013025763500e+15
2.482226356111905500e+15
2.982613061344668500e+15
2.368663240314396500e+15
2.742418698338599500e+15
2.826899823801959500e+15
2.445365428564190000e+15
1.442125434760682250e+15
2.804638169157120500e+15
3.595887975904124500e+15
2.435169382421763000e+15
2.932573604563021500e+15
2.076256167017223500e+15
3.777662558662171500e+15
2.979945543086902500e+15
