3.201245565148883000e+15
3.066958535670260500e+15
4.381946258397532500e+15
4.650381392322329000e+15
3.032399594993474000e+15
2.968315267396276000e+15
2.176317513579229250e+15
4.747055872527267000e+15
1.924087513707762000e+15
4.241205856824953500e+15
3.378026280390962500e+15
3.461811707038598500e+15
3.790745074546862500e+15
4.943095675621000000e+15
3.621996074210307500e+15
3.707955239727668500e+15
3.746163101933146000e+15
5.461186464217083000e+15
3.294236041202078500e+15
4.672737592862901000e+15
4.171557801851697500e+15
2.775717450729036500e+15
4.592395757216601000e+15
3.841735770099890500e+15
2.244494849191983500e+15
3.423120232201115000e+15
3.846189048286210500e+15
3.915387246875710500e+15
1.234527076719469750e+15
3.141972462026256500e+15
3.405383275746265000e+15
4.172527881269089000e+15
3.070612079254061000e+15
3.442186672385108000e+15
2.757578529058962500e+15
2.918447707399035500e+15
1.664859987038848000e+15
3.555764641089743500e+15
4.730974388707460000e+15
2.162164365192363750e+15
3.443666739818137000e+15
3.584231919578496000e+15
5.120048867597225000e+15
4.841846205776916000e+15
3.890077528090287500e+15
4.813698424508397000e+15
3.687746985391189000e+15
4.604251819214472000e+15
4.851120293415018000e+15
3.181905829567834000e+15
4.249896876668124500e+15
3.242466809761676000e+15
4.668671961160061000e+15
4.647577096955227000e+15
3.928445308848706500e+15
3.732946142091619000e+15
3.267605678521878000e+15
3.972515139106895500e+15
4.097231373478639000e+15
4.935486259533589000e+15
3.380178203391967000e+15
3.800003519101585500e+15
3.843962177714818000e+15
4.830631951075811000e+15
5.647067508545646000e+15
4.302373717994581000e+15
3.502845551632150500e+15
3.384849614101640000e+15
3.169133308175595500e+15
3.539676260065599500e+15
3.831083216109965500e+15
4.215166355520539000e+15
3.109904780512624500e+15
3.719545579869775500e+15
3.083192318524887000e+15
3.631965048242506500e+15
4.703741375999236000e+15
1.057791722577184500e+15
4.388410220000062500e+15
3.473380848375405500e+15
1.966902829925206000e+15
6.061777309296979000e+15
3.338909285966264000e+15
3.677551467472714000e+15
4.977288256699140000e+15
3.343591917690585000e+15
4.401078056325844000e+15
3.592121411263815000e+15
4.223285082341177500e+15
2.589485409504727000e+15
3.795412440313371500e+15
5.038100211840433000e+15
2.815614635505191000e+15
4.987401385262687000e+15
3.366333591144774500e+15
1.111757257302368125e+15
2.365146028573194500e+15
4.570563739689912000e+15
2.497765098467981000e+15
3.400023946998187500e+15
3.065125911020278500e+15
4.591617861253239000e+15
3.572600619974343500e+15
4.811945114778372000e+15
4.844613099876933000e+15
4.503403407012380000e+15
3.471672425570255000e+15
2.682782199518850000e+15
3.522569844962468500e+15
2.781938821075825500e+15
4.750547440906830000e+15
3.498381735125260000e+15
3.876772858461638000e+15
5.769392702605250000e+15
3.540588643851402000e+15
4.148590229945230000e+15
3.256713989070413500e+15
5.414829936660296000e+15
3.943017115524739000e+15
3.997947246719217000e+15
4.175891152247984000e+15
3.320354451652742000e+15
4.473494633907089500e+15
3.145919166555246000e+15
3.805990766063318000e+15
2.955146177425226000e+15
3.612175743068896500e+15
6.192163786630965000e+15
3.664799862704973500e+15
2.605311963056972500e+15
4.917484680139521000e+15
3.624957895043168000e+15
4.887280425963030000e+15
4.272116447065046000e+15
3.787182320870643000e+15
4.503942836432789000e+15
3.804197177101975000e+15
2.703908200993192000e+15
3.944620662896771000e+15
1.789220351505476750e+15
3.395629128394219000e+15
3.818107767345592500e+15
3.181360750267730000e+15
4.548414399819571000e+15
3.835629429655246000e+15
4.535224940281768000e+15
3.762614145041295000e+15
3.563647516808554500e+15
3.766756993347206500e+15
4.168842101852859500e+15
3.610804160887629500e+15
4.664996603721115000e+15
3.912648327272436500e+15
3.693119770965889000e+15
5.758172853171236000e+15
2.075498144235997000e+15
3.962095902484232500e+15
1.190726859148448250e+15
3.344596231317685000e+15
3.216890213347058000e+15
3.093762367866197000e+15
5.079391928121169000e+15
3.179233451240928500e+15
4.299283546579504000e+15
3.040665499473581000e+15
3.260352599783172500e+15
4.196047258151238500e+15
3.400065488407829500e+15
4.616759653160321000e+15
3.263297390222405000e+15
4.178510526662354000e+15
3.155812561107753500e+15
4.195735320850583000e+15
4.908998664978346000e+15
3.290065426986929500e+15
3.018402766602324500e+15
3.290340567612472500e+15
5.652602550848988000e+15
2.496786918667589500e+15
3.310510351456127500e+15
1.639177796340164750e+15
2.559926140819593000e+15
3.429628601866593000e+15
4.559805358757298000e+15
3.101828594653965000e+15
4.368909558441415000e+15
3.452888093604570000e+15
4.911120600712117000e+15
4.316906020774658500e+15
2.502783382614757500e+15
3.673728946281290000e+15
2.721580614005937500e+15
5.390717128692103000e+15
2.924426051144317500e+15
2.389134146067316500e+15
2.432460103102979000e+15
4.776129490885335000e+15
1.698544838482422500e+15
3.924568944386030000e+15
2.646971149990934500e+15
4.669762417159958000e+15
2.693075935673237000e+15
3.164113973521282000e+15
2.308575081309990000e+15
2.091141788273908750e+15
4.610313348770999000e+15
3.343365475642973000e+15
2.517398338049298000e+15
3.791471813296866000e+15
3.442352931029768000e+15
4.504610612511270000e+15
2.741795691633541000e+15
3.101078374094056000e+15
3.420050651370429500e+15
1.716534723320514000e+15
4.000325834228197000e+15
2.504306808550761000e+15
4.039841028379450500e+15
2.970838308929844500e+15
2.864305583367228500e+15
4.368276244664426000e+15
6.040773675585396000e+15
3.340114531545225500e+15
1.683393655487918250e+15
3.813790634883748500e+15
3.564195322679181500e+15
4.094515923603421000e+15
3.723080698813452000e+15
3.655439381142389000e+15
4.184202599820984000e+15
3.462502867579393000e+15
5.126695035721989000e+15
4.098274317167985500e+15
4.702562797877054000e+15
4.375428969635713500e+15
3.570967446273938500e+15
2.966059689048205500e+15
3.850376351900831500e+15
4.431078998063867500e+15
2.929125716670698000e+15
3.057884784025790000e+15
3.104476482305371500e+15
4.320548780802253500e+15
3.369987473801949000e+15
4.533690828907849000e+15
4.638640530427092000e+15
3.323108565943825500e+15
1.908275236337610000e+15
2.806778020937697500e+15
3.831280151653702500e+15
4.198976446404422000e+15
3.240225201055856500e+15
4.204564940072050000e+15
4.593687984926496000e+15
4.091811679307199000e+15
4.207749891832851000e+15
2.557161248251057500e+15
2.563894111057164000e+15
4.569030759278270000e+15
2.449380171619646500e+15
5.042819493600809000e+15
4.763887831073553000e+15
3.816047241365102000e+15
2.692542413824142000e+15
4.352588303178214500e+15
3.471289182222961500e+15
4.380098797605795500e+15
3.901667370019434000e+15
6.309353583207702000e+15
3.226698075481759000e+15
4.059265367208955000e+15
4.037742444812705500e+15
4.457676849484727000e+15
3.358543338693404000e+15
3.608590734777476000e+15
3.434605577206213500e+15
3.715165614605205500e+15
2.891520853965595500e+15
3.988325648699900500e+15
3.681049560693689000e+15
4.440534294191649500e+15
3.941685682600954500e+15
3.067048769372121500e+15
3.227181291295078000e+15
3.943841642110015500e+15
4.302123498477213000e+15
2.766194934379318500e+15
3.213799803921545000e+15
3.822022428289329000e+15
4.368435805819223500e+15
3.512243365780622000e+15
2.274876377429844000e+15
2.358490080080150500e+15
3.609071183280971500e+15
3.683358478055047000e+15
3.727382740025426500e+15
2.632926874578029500e+15
2.459511247053709000e+15
2.802799627656552500e+15
5.012741934770328000e+15
3.978723544634997000e+15
2.632132223298730500e+15
1.651196595498441000e+15
3.643034520320556000e+15
4.287729420033549500e+15
4.123532663145422500e+15
5.046682661784307000e+15
3.857281033323002500e+15
4.126130658023035500e+15
4.047392904306407000e+15
4.133392600108232500e+15
3.982508613492000500e+15
2.671182888594334500e+15
4.729554496404054000e+15
4.028379516065692000e+15
3.853288388926208500e+15
3.165693953960125500e+15
3.220135278512720500e+15
3.252847830914871500e+15
3.671352812346717500e+15
3.045885164262226000e+15
4.351263695841728000e+15
2.565138991555489000e+15
1.529157585696316000e+15
3.615298574298797500e+15
3.729981915751220500e+15
5.542856042841975000e+15
4.021518854065601500e+15
3.055343422347576500e+15
4.007574487563332000e+15
2.554295794073933000e+15
3.793650927164899500e+15
3.035790742568575000e+15
4.908771050780541000e+15
3.023614453027619500e+15
4.908389765424858000e+15
3.069439607486231500e+15
4.597432912595484000e+15
5.258095620156424000e+15
5.553031234024359000e+15
4.130374251019037000e+15
5.035688742037959000e+15
4.245078054467596500e+15
2.938264003928953000e+15
3.852628081508484500e+15
4.137918247627723500e+15
4.786905920615692000e+15
4.375686971618094500e+15
3.916169315021486000e+15
1.906836406793146000e+15
3.368538989393565000e+15
2.815265312920137000e+15
3.364052042183327000e+15
4.237908883636212500e+15
5.315243785568218000e+15
3.030076351781730500e+15
3.326192067975233000e+15
3.148112979739222000e+15
4.381678020544173500e+15
3.862455831576993000e+15
4.977865368780115000e+15
3.226195318107613000e+15
4.326378229476215000e+15
5.416041737033504000e+15
4.506301661258151000e+15
4.529738790191910000e+15
3.950414173868788500e+15
3.310986696603984500e+15
4.706309509837070000e+15
4.693022966688406000e+15
3.708391485097402500e+15
3.564743688338783500e+15
3.684936761619251500e+15
3.406699206773122000e+15
4.289631243637620000e+15
2.648354590562720000e+15
4.720620902661578000e+15
2.985799213966392500e+15
4.803252877891607000e+15
4.115781051571953000e+15
4.982850456341364000e+15
4.696727914162850000e+15
3.623581001784283500e+15
3.842160340277554000e+15
4.058915826609501000e+15
2.283621226216666500e+15
3.805896313890666500e+15
3.417504681392161000e+15
3.992883125227989500e+15
2.034943539548839000e+15
4.382180643574858000e+15
4.727437872602605000e+15
4.808582601477737000e+15
4.742008255006816000e+15
4.316780121905860000e+15
4.041019581524218000e+15
4.894605753444576000e+15
3.401645419008458500e+15
4.371993284030751000e+15
3.753230144723601000e+15
3.434755309268957500e+15
3.198105273853629500e+15
4.303216707814544500e+15
4.666371507788113000e+15
4.692539854344144000e+15
3.315362414977464500e+15
4.031987300800078000e+15
4.256259341175153000e+15
4.736178355804625000e+15
3.202578150021522500e+15
4.570101176339654000e+15
1.707560388878546500e+15
3.156129974035392500e+15
3.778484687973339500e+15
4.080170042383769500e+15
4.143826226829436000e+15
3.489335740154379000e+15
3.529361510360978000e+15
4.261535379733484000e+15
5.419525510276493000e+15
3.867688405461647500e+15
4.743771871815665000e+15
3.653185046323525000e+15
4.658725400074217000e+15
4.867699272695484000e+15
2.586512626684037000e+15
3.547534977867821000e+15
3.421995919859301000e+15
2.535664166393156500e+15
3.961067441416019000e+15
3.128773567054662000e+15
3.769030778338953000e+15
4.447428261183488500e+15
2.419806737828345000e+15
4.463620413820919500e+15
3.327338002730601000e+15
4.102636378758868000e+15
2.707418218239807000e+15
4.283994472564623500e+15
4.583026146541302000e+15
5.090404234505559000e+15
3.936856089579336000e+15
3.215939875851905000e+15
2.085673918023169000e+15
4.507536666203894000e+15
4.181188880619564500e+15
2.683699560290009500e+15
3.212857192829339000e+15
4.353695654957053000e+15
1.448424011942713500e+15
4.511114990592189000e+15
3.935775239524335000e+15
4.161863813631656500e+15
3.582670799882882500e+15
4.700249616671768000e+15
3.871535905347207500e+15
3.501942480680102000e+15
2.465200936252711500e+15
3.160721412699954500e+15
2.873397042579766000e+15
4.188758754634629500e+15
3.445110851262461500e+15
3.634629430004192500e+15
4.003680700727164000e+15
3.601543059253601000e+15
3.306466676718850500e+15
3.641186663115083500e+15
4.883815268054807000e+15
6.101966572251075000e+15
3.898235873981293500e+15
3.483638557192409500e+15
4.274688706370827000e+15
3.641769912589178500e+15
2.662417564945676000e+15
4.286318931351893000e+15
3.772022433894405000e+15
3.447751552000942500e+15
3.572388217781439000e+15
5.421231584344223000e+15
4.150073948442477500e+15
4.900870207881973000e+15
5.000674231036675000e+15
5.442767489064486000e+15
4.298002830447652000e+15
2.494521477593964000e+15
3.670226130015555500e+15
3.929311050416066000e+15
4.191283307907354000e+15
4.449087543864769500e+15
3.531452629178478000e+15
2.698116777052434000e+15
2.670839234074107500e+15
3.341461736515613000e+15
3.139388632900232000e+15
1.876355646542255000e+15
3.697050455501262500e+15
5.052081807565760000e+15
4.045678484392957000e+15
4.067074969030279500e+15
4.233890203427491000e+15
4.892906102074681000e+15
4.420539936458221000e+15
3.908906357239730500e+15
3.030855445128740000e+15
4.000792148143208500e+15
4.178026995763476000e+15
3.642670356430070000e+15
4.025293829797858000e+15
1.465983928418784750e+15
4.797793829738754000e+15
3.268725755267036000e+15
4.431741346633019000e+15
3.959536930659107500e+15
3.340736146011421500e+15
4.344302784032041500e+15
3.961960604782991500e+15
2.694838002750694500e+15
4.887981277387625000e+15
4.167321923486470500e+15
4.383284847916042500e+15
2.494647456035707500e+15
2.519789533362721000e+15
3.967068456032146500e+15
4.328799709746319500e+15
3.699495199452834500e+15
5.440680356694378000e+15
5.225110263615579000e+15
5.110848189768133000e+15
3.075684578095135500e+15
4.361498465484753500e+15
3.651431643060236000e+15
4.267228564254009500e+15
3.709135918566485500e+15
4.411935256464103000e+15
4.141793132328308000e+15
3.574119214622606000e+15
4.730479518561362000e+15
4.900755567907744000e+15
4.272971206640702000e+15
3.941225303352394500e+15
2.968978131736217500e+15
4.006551938964570000e+15
4.907107362602860000e+15
3.230619351992439500e+15
4.420251536755716500e+15
3.628651928956349500e+15
4.648535106625879000e+15
4.371883023601848500e+15
4.294180852217401000e+15
4.008737575951899000e+15
3.586053023385430500e+15
3.832944258998908500e+15
4.479328167531517000e+15
3.903567938905375500e+15
4.680133658974366000e+15
2.676440516524337500e+15
3.481634394414217500e+15
4.578490789131586000e+15
3.072957918603415000e+15
2.902174260108632500e+15
3.016507678147681000e+15
5.180111021982170000e+15
3.749112730093099000e+15
3.467460735497274000e+15
3.859662479594588000e+15
4.609778118489902000e+15
3.832701135906724500e+15
6.415873016137854000e+15
2.838661970371136000e+15
4.619519421897861000e+15
4.760360771300182000e+15
1.998773840288400250e+15
4.141264872303967500e+15
3.577852603938133500e+15
3.211960299126989500e+15
1.373886765747551500e+15
3.708572584195585000e+15
3.560430218288671500e+15
4.446370727481823500e+15
3.810468404999841000e+15
3.576013083839202000e+15
5.109695035930395000e+15
4.917970697626051000e+15
4.501280317656319500e+15
3.477938567255482000e+15
3.037255578590646000e+15
3.829088704546712500e+15
3.661106079179851500e+15
2.640097241715575500e+15
4.736254974566580000e+15
3.462782191583939500e+15
5.144683993618654000e+15
3.255833220552180000e+15
4.282098103057529000e+15
4.186344238557412500e+15
3.165901573107868500e+15
3.567984723159360500e+15
3.600315317588216000e+15
3.420335901876109000e+15
3.026682282672993500e+15
4.766422233080688000e+15
2.861234456856411500e+15
4.554863647955789000e+15
3.291563896805124000e+15
4.750253944135600000e+15
5.413055862358306000e+15
4.397800365731199500e+15
4.705115665485681000e+15
5.712251481386173000e+15
2.301867868357703500e+15
4.781972404988462000e+15
3.770152990150444500e+15
3.521472692696268500e+15
3.018570837311858500e+15
4.020891031010010000e+15
3.560513641718984000e+15
4.011356890044369500e+15
4.437607572089055000e+15
4.882173489941577000e+15
3.837155393622833500e+15
3.674113857876345000e+15
4.463585824057738500e+15
2.937534284258563500e+15
4.538245331159891000e+15
2.643068507957404500e+15
3.818331019557793000e+15
4.836851155494562000e+15
5.117207469517622000e+15
4.466586353078735500e+15
3.812615456421844000e+15
3.513765495579651000e+15
3.403352678545254000e+15
4.458638860467713500e+15
4.098064884931921000e+15
3.335949441072886500e+15
5.068144535832361000e+15
3.769969026637024000e+15
3.396966154213466500e+15
4.145270286634402000e+15
4.450577586578807000e+15
3.645284056685118000e+15
3.698970071811028000e+15
4.464911266667531000e+15
2.944801757921987000e+15
4.682772555330041000e+15
3.364345387218483000e+15
4.122865671475398000e+15
5.474543557561017000e+15
3.557175354144019000e+15
3.975490164881007500e+15
4.960348253932974000e+15
3.273681267147566500e+15
3.964895410662612500e+15
4.246787472039905500e+15
5.014272982346105000e+15
3.157490012875062000e+15
4.364687211738567000e+15
5.375891294818708000e+15
4.322255487514343500e+15
2.352909472333422000e+15
2.998239835959050500e+15
3.564500473043708000e+15
4.448407462161377500e+15
4.144934976561208500e+15
4.638630857376308000e+15
3.536945302946529500e+15
3.287847774113706000e+15
4.276634479507649500e+15
4.269237604625648000e+15
3.866070223328803000e+15
3.686041358242764500e+15
3.828559476921757000e+15
3.989033604555175000e+15
4.554926513195665000e+15
4.216445898311924000e+15
2.983233387431930000e+15
3.293971858920662000e+15
4.137164996734748500e+15
2.364877663371049500e+15
1.391527369634207000e+15
3.442031459288853000e+15
4.463833661509914500e+15
2.520534087447146000e+15
3.802631339376857500e+15
3.451829477500717500e+15
2.743609979821107500e+15
1.759738450246936500e+15
4.266795071382261500e+15
5.151173886294266000e+15
3.141835712836494500e+15
4.416308647045984000e+15
4.137065183425901500e+15
4.824607627196032000e+15
4.387521472363257500e+15
3.488387590087683000e+15
3.841188263814644000e+15
2.527221629951104500e+15
3.839139497028021500e+15
4.266381450366956000e+15
4.382337272030800500e+15
5.937933245209582000e+15
2.607148049805127500e+15
2.665695753354193500e+15
4.634354074246706000e+15
3.359135517012445500e+15
3.372651851884648500e+15
5.566013017784169000e+15
3.324281285906914500e+15
3.795332841816096000e+15
4.312913407111572500e+15
4.230956718539037000e+15
1.962132508739271750e+15
3.337285371794631500e+15
2.781747927456567500e+15
4.545012693042142000e+15
1.971429844484255250e+15
4.112478861739208000e+15
4.389100759105103500e+15
2.732970595823844000e+15
2.852979942065181000e+15
3.905428402177140000e+15
3.606374789017615000e+15
3.524694125237866500e+15
2.532497348892765500e+15
3.641409241802676500e+15
5.334887921380601000e+15
3.260385638706581500e+15
3.952854237174480000e+15
2.372131821414949000e+15
5.173135418533861000e+15
4.854341850946547000e+15
2.928553167180487000e+15
3.995425420769913000e+15
5.003588643286798000e+15
3.403104723911174500e+15
4.232027637668706500e+15
3.514680458210045500e+15
3.104333335096003500e+15
4.692100810920006000e+15
4.372265443193124500e+15
1.927535436084955750e+15
4.936858152515255000e+15
4.582174099139713000e+15
3.735066087375579000e+15
3.313126745292704500e+15
4.537259192892154000e+15
4.494178980048462500e+15
3.413741030070043000e+15
3.843468918194201500e+15
3.492426067052877000e+15
2.947563495202997500e+15
4.057160598364291000e+15
3.092768214918652500e+15
5.661975601943012000e+15
3.652269868791867000e+15
4.308300993283624000e+15
3.562693228884285000e+15
3.200045687432572000e+15
3.811485432086635000e+15
2.678638120250317500e+15
5.117251286894638000e+15
4.733055345149105000e+15
3.631309962594688500e+15
5.167675677580086000e+15
3.246597955929751500e+15
3.753002228602330500e+15
4.474229588673520500e+15
4.272236760045007000e+15
2.712254348503387000e+15
4.965721075376724000e+15
3.614852670747097000e+15
4.197393169603266000e+15
3.913820258313374500e+15
2.760868121552860500e+15
5.056793267457926000e+15
3.382026527090091500e+15
4.518028431657442000e+15
2.897989559187414000e+15
4.905810010989625000e+15
4.680613963442296000e+15
4.708868717178503000e+15
5.169854401740664000e+15
5.031184735926859000e+15
3.365659005848130500e+15
3.313065802184699000e+15
4.497266019837413000e+15
4.491926303798008000e+15
3.840367351683578000e+15
4.437937405751878000e+15
3.833215862043069500e+15
4.283224072305188000e+15
4.339509117164219000e+15
3.933461450994698000e+15
2.810290568859714000e+15
3.715359254577056000e+15
3.676163839382682500e+15
2.109759605963484000e+15
1.960687645513977750e+15
4.270392261395566000e+15
2.687829630346909000e+15
5.161689300752619000e+15
3.717967361103429500e+15
2.694390546791757500e+15
3.323437692376906500e+15
3.891812835757196500e+15
3.351633941882609500e+15
4.717237040138629000e+15
5.129060221309243000e+15
4.161078287061925000e+15
3.804850412846246000e+15
2.897782538002516000e+15
3.041872301101522000e+15
4.418615918532544000e+15
2.624082372999053000e+15
4.373690684296142000e+15
4.506409102298273000e+15
4.409516235817975500e+15
4.584407725863799000e+15
2.797019647378051000e+15
4.162527017388146000e+15
4.597681051752788000e+15
3.379531180121547500e+15
3.511704351815733000e+15
3.711549688980521000e+15
5.434860290262060000e+15
2.927493512972544000e+15
3.245641687772223500e+15
3.990287073764743500e+15
5.247415580752770000e+15
3.566606642829623000e+15
3.660074125750564000e+15
3.109965466480342500e+15
4.375992737022551500e+15
2.923354974892253000e+15
2.023386394539184250e+15
4.419067385903709000e+15
2.637324993809185500e+15
3.897101080446512000e+15
4.096123730044108500e+15
4.273243859589872000e+15
3.530235133687441000e+15
3.289861043637253500e+15
3.846557392383414000e+15
4.323808847322776000e+15
5.125047288495086000e+15
4.922514752598870000e+15
3.146891036669789000e+15
4.206171751469209500e+15
3.910343392147327000e+15
4.797492946639380000e+15
2.165114955815702250e+15
4.021151890508097500e+15
3.661035295065179500e+15
3.886483722865251000e+15
4.280043149838729500e+15
3.250367265741327000e+15
3.421183658944136000e+15
3.291233621328467000e+15
4.612530924383114000e+15
2.203930488452341000e+15
3.466945711201012500e+15
3.635436085356707500e+15
3.232680142532424000e+15
3.579821685732491000e+15
3.872190285312279500e+15
5.129731690218289000e+15
3.185875863172507500e+15
4.249243528186978000e+15
3.199743054899662000e+15
4.429474330855794000e+15
4.866471323797366000e+15
3.432922960138374000e+15
3.601482603145605000e+15
3.398336357382061500e+15
3.698933191832252500e+15
3.409126612967062500e+15
3.824130193375358500e+15
4.927475340521465000e+15
4.800772691589976000e+15
4.024507789935822500e+15
4.603316450536988000e+15
4.691738989310035000e+15
4.417388644306591000e+15
3.672905431952703500e+15
3.890992089414414500e+15
3.432151887686597500e+15
2.635471714831038000e+15
4.570530024595866000e+15
4.541182396429423000e+15
3.158924228319730000e+15
5.132670239734699000e+15
3.441028447831355500e+15
4.335225875474029500e+15
3.598363409036672000e+15
3.053375279551421500e+15
4.240144102130987500e+15
4.377714487929547000e+15
2.603309870447795000e+15
3.189382177223285000e+15
3.598550323185239000e+15
4.629253883203551000e+15
2.821938608208222000e+15
4.295459978800397000e+15
4.695485600110504000e+15
3.428347632165132500e+15
4.159386160612313000e+15
4.038938659629040500e+15
3.529334818833054500e+15
3.009193960705735000e+15
2.861997929590026000e+15
3.896605200662619000e+15
4.720302740439977000e+15
4.506401048042222000e+15
2.675192887545766500e+15
5.048057198207073000e+15
4.200190894893353500e+15
4.350435283576575000e+15
5.826106840213090000e+15
3.745603016391577500e+15
4.238724779265778500e+15
3.949697564193887000e+15
4.117972716081308000e+15
2.215020734400508750e+15
4.264997064002574000e+15
3.938445085556830500e+15
4.371997281957029500e+15
4.177572289297563500e+15
5.296956175557517000e+15
4.170719691520112500e+15
4.182105376665923500e+15
4.825182611258518000e+15
4.240779730087590500e+15
3.349959471717565000e+15
6.334568353301949000e+15
3.657975546562577000e+15
4.978658231357780000e+15
3.010595615747018000e+15
4.214319347024761500e+15
5.002307958769358000e+15
3.671308046644529000e+15
3.588746433308423000e+15
3.507667511984232500e+15
4.392251775146103500e+15
3.710699792346173000e+15
3.230256497634298500e+15
4.249282492536975500e+15
4.072115702699543000e+15
4.205503801164276000e+15
3.239934660680246500e+15
3.618753060036005500e+15
3.777008780563756500e+15
3.569661540071007500e+15
3.835453970862606000e+15
3.322087318213212500e+15
3.524942913023244500e+15
3.912153291181084500e+15
3.840914402442980500e+15
3.794727783334231000e+15
4.485857501389402500e+15
4.341406500194729500e+15
4.656589398422286000e+15
3.436001683036735000e+15
3.836166111255330500e+15
3.713548247426835500e+15
4.225762766787478000e+15
4.323612844427803000e+15
4.849348834499921000e+15
5.089627677713228000e+15
4.993217486367960000e+15
5.457206774145581000e+15
4.024650819263851000e+15
3.743096519519908500e+15
3.318603318074061500e+15
4.671527986592504000e+15
4.662231865670178000e+15
4.647482214457734000e+15
4.157767201881563500e+15
3.982485764208469500e+15
3.434334817037437500e+15
3.527132391036892000e+15
3.573154880101730000e+15
3.865565672358297500e+15
3.474693257136782000e+15
4.930232831865430000e+15
2.541879019375736500e+15
5.446214712816432000e+15
3.386435489000339500e+15
4.784644741057110000e+15
4.547686609316479000e+15
4.117904055462483500e+15
3.238424471806748500e+15
3.468898340738111500e+15
3.760234993530538000e+15
4.267316081748160000e+15
3.669003462331654500e+15
4.693930766991151000e+15
3.368678708037825000e+15
5.023586297922815000e+15
4.267427225959855500e+15
3.642617896930960000e+15
3.755274104157558000e+15
4.573863703240881000e+15
3.249728027286994000e+15
3.368956577595301000e+15
4.530840264299813000e+15
3.652700601652172000e+15
2.655759921980508000e+15
3.728395768969858500e+15
3.840318299966731000e+15
3.922146773541297000e+15
3.494625587741837500e+15
3.690845527139802000e+15
4.039019084271012000e+15
1.792497766389902250e+15
4.495992772035753500e+15
4.303704915247697000e+15
4.078728886310538000e+15
4.439664966701760500e+15
3.579031666264270000e+15
6.347357971633148000e+15
2.953336525907494000e+15
3.651692642356839500e+15
3.770045206829204000e+15
4.132332549008864000e+15
4.077779218144691500e+15
3.877756011060453000e+15
1.967082374255153750e+15
3.033299503358469000e+15
3.632310498553408000e+15
3.397121761551120500e+15
4.531398376627434000e+15
4.210889848086746500e+15
5.479026495314156000e+15
4.017775358993361000e+15
4.546342699244392000e+15
4.138247518469624000e+15
4.888278506318164000e+15
3.291170679262735000e+15
3.235741209763848500e+15
4.495063100411553000e+15
4.148727594204615500e+15
3.770188278402585000e+15
3.591001892582564500e+15
3.698086062644010500e+15
4.541486754587346000e+15
3.385682113745780000e+15
3.695397316420231000e+15
4.309424801435311500e+15
3.981594587463551500e+15
4.351021676638184500e+15
4.419983663896476000e+15
4.254760179938275500e+15
3.880701236237030000e+15
4.051489801494286000e+15
3.226364146155771500e+15
3.305992732261805500e+15
3.706221656675603000e+15
3.988502955685310000e+15
3.508129889845174000e+15
3.668888393497257500e+15
2.814160797764302000e+15
4.639280164886668000e+15
3.359008530310615000e+15
3.673732614310289500e+15
4.045895805955681500e+15
4.232569998222289000e+15
1.835495256081735500e+15
2.923027030690368000e+15
2.778508077248439000e+15
2.843493263587374500e+15
4.114652695711140000e+15
1.674607923791134250e+15
2.657058863429741500e+15
2.551520489278674500e+15
4.935012419998406000e+15
3.062472965150248500e+15
2.948668289774671500e+15
4.533368477610289000e+15
3.342751455404280500e+15
6.114225213628208000e+15
3.846295732342891500e+15
3.772903579238302000e+15
1.744404023001604750e+15
3.622886820009027000e+15
3.014619532848615000e+15
2.625936422228740500e+15
3.382922841311691000e+15
3.778273743800473500e+15
3.934586071000067500e+15
6.841280859642381000e+15
4.591173474920085000e+15
3.467204161737078500e+15
4.329006730836525500e+15
2.815379756246074000e+15
4.337914699553404000e+15
3.873674418810988500e+15
3.030920578648966000e+15
2.333877488648617500e+15
3.893754314545525500e+15
4.000740478917451500e+15
3.034223158084813000e+15
3.552746763986509500e+15
2.663577091026739000e+15
4.288643440949744000e+15
3.709468021812167000e+15
4.777696447214180000e+15
3.489972641573908500e+15
4.360548162625989500e+15
1.940734273937786000e+15
3.194659567363930000e+15
1.882990924093719000e+15
3.505132966474280000e+15
2.806015566180621000e+15
5.180565138274411000e+15
3.132123299110548500e+15
2.453153999045370000e+15
3.294036057438474500e+15
2.961379399753990000e+15
3.404303107480902500e+15
3.253221286071177500e+15
4.266419080683896000e+15
4.246570260893642500e+15
2.654085218831030500e+15
3.714464026457291000e+15
3.179782753382958000e+15
3.084755444641470500e+15
4.111186002449367000e+15
5.447961188929243000e+15
3.887422554037200000e+15
2.867161345976199500e+15
3.071267677478607500e+15
2.402157716775689500e+15
2.485028031284067000e+15
2.724975383056492500e+15
3.205347270815652500e+15
3.927214088560417000e+15
4.427039301743387000e+15
3.790222812239984500e+15
3.479726653333864000e+15
4.251760370225526500e+15
3.625184432386310500e+15
4.142483546910724500e+15
4.174077099920050500e+15
2.092220089533745500e+15
4.600316362684567000e+15
4.436598236641566000e+15
3.981292288345245000e+15
1.638144782833856250e+15
3.868054205134824500e+15
3.551118824240689500e+15
4.412518803740084000e+15
2.907241303537017500e+15
4.007502072564939000e+15
3.550974473598053000e+15
3.132707331440726500e+15
3.596269448299421000e+15
4.205377426861017500e+15
3.004578576288849000e+15
3.101992918432290500e+15
4.774929958645832000e+15
5.653547771947031000e+15
3.168714747746921500e+15
4.778329498187457000e+15
2.318017472704054500e+15
2.485129955661254500e+15
4.335783580822736500e+15
3.100371854158521500e+15
4.182405296446385000e+15
3.038551800579107000e+15
2.029853715854111750e+15
3.493364261566943500e+15
2.328173286833960500e+15
2.971955171014799500e+15
2.566555632104226500e+15
4.145365261280272500e+15
4.961582109366372000e+15
2.930068812229228500e+15
2.609579314718489000e+15
4.056284691821821500e+15
3.722074311119122000e+15
3.321791959314898000e+15
3.102254493241324000e+15
4.398105697703802000e+15
3.408409246877218500e+15
3.902156338385465500e+15
4.458724680542892000e+15
4.831232796124390000e+15
3.038048111357883000e+15
2.912655188159975500e+15
2.086023265062351000e+15
2.494442883400091500e+15
3.050643181631725000e+15
3.187598281414561000e+15
4.989400270842989000e+15
2.916826191550838500e+15
3.025868399381269500e+15
1.476157788101490750e+15
2.306964621325337500e+15
4.901300822243798000e+15
3.623112826260223500e+15
4.313430869285627000e+15
3.870935369884595000e+15
4.605181151339220000e+15
4.277833305094250000e+15
3.863217784048300000e+15
2.981305510791470000e+15
4.646213460150028000e+15
1.748892741172344500e+15
3.351439479430048500e+15
4.341411544875287500e+15
3.298840825289363000e+15
4.179737230829865000e+15
3.915216430003948500e+15
3.871643981246037000e+15
4.125830478585966000e+15
3.694380695598031000e+15
2.499472829698055000e+15
3.734381917588497500e+15
3.863086067243623500e+15
3.157025537334633000e+15
4.598990526094526000e+15
4.456982297588289000e+15
2.977624124047200500e+15
5.881208149263613000e+15
5.647409444030729000e+15
3.601651778098015000e+15
2.608471933736545500e+15
2.411106453805837000e+15
2.619760665967141000e+15
5.064858308986559000e+15
3.316165299193919000e+15
3.716530587364494000e+15
2.630350870303586500e+15
3.171002544439491500e+15
4.325925435723276000e+15
2.654188094625967000e+15
4.010274330863451000e+15
3.592711564307302000e+15
4.666311001757409000e+15
3.799626139638121500e+15
3.955881664034527500e+15
3.071009062861553000e+15
2.453841124789269000e+15
2.699820287901083500e+15
3.616243261855507500e+15
3.469198614621583500e+15
2.965414117663073500e+15
3.407703338432539000e+15
5.066323377478492000e+15
4.443293001539054000e+15
3.469339662047980500e+15
4.028085325108428000e+15
3.190541913745134000e+15
3.238010083272185500e+15
4.822872052449807000e+15
2.535970793609107500e+15
4.600114916648526000e+15
3.637402642402772500e+15
3.391037373588867000e+15
3.285460081183236000e+15
3.782568535456857000e+15
1.924055720977755500e+15
3.462984065622621500e+15
2.849684959202587500e+15
3.994612318952532500e+15
3.781180632007103000e+15
3.037291316382970000e+15
3.566136693307903500e+15
3.690643814461924500e+15
5.005965445605575000e+15
3.395695951610499000e+15
4.576282844604032000e+15
1.620480527150984000e+15
4.339667225188119000e+15
5.148862233645666000e+15
3.794402335545738500e+15
2.282592552727280000e+15
2.315033552167674500e+15
3.818756271411914000e+15
2.710475467373221000e+15
3.565833676530129000e+15
3.304486149139108000e+15
5.112979795501801000e+15
3.700617821502712500e+15
5.111508326592749000e+15
4.590647196207807000e+15
4.845107600385322000e+15
2.270622810125009000e+15
3.096585799919159000e+15
2.645746113721097500e+15
3.447673871022971500e+15
3.292671660113551000e+15
4.745407177559097000e+15
4.046125684053718500e+15
4.812970993091547000e+15
2.047888761395750000e+15
3.620302277542369000e+15
4.151921658196469000e+15
2.584801814221192000e+15
3.586134386572515500e+15
1.638282900727224000e+15
3.404062317982121000e+15
4.422169355778376000e+15
4.033911994780302000e+15
4.064722117565712000e+15
3.182565322145681500e+15
3.907946822514369500e+15
4.418109871989251000e+15
3.128522336036379500e+15
3.146708530926621500e+15
3.620028258095846000e+15
2.781262740290951500e+15
5.811499083361496000e+15
1.087109559645529875e+15
4.468675116160761500e+15
2.848575036625301000e+15
4.490899703984359000e+15
2.864065534695327500e+15
3.380718414508524500e+15
3.229882928303925000e+15
4.343824873450833000e+15
3.499631283980321000e+15
1.572506123799447500e+15
4.255655745835910000e+15
3.527596055886814500e+15
3.466524071830583000e+15
3.828405784094715000e+15
4.039181992475490000e+15
3.455344274823039500e+15
3.150092588219939500e+15
3.468545966493969500e+15
4.036194902468119500e+15
3.950763211778085000e+15
3.133512912286780000e+15
4.743515678539063000e+15
3.189142791368829500e+15
3.631781250958903000e+15
5.100192766091765000e+15
3.674703044919581000e+15
4.581655517162680000e+15
4.258459302210988000e+15
4.480946534769223500e+15
4.982013290849510000e+15
4.393894878432847500e+15
3.926780724301965500e+15
2.617209808436757500e+15
3.373810236948564000e+15
3.651429605635210000e+15
2.946424800833749000e+15
3.642170572095896500e+15
1.097518120029573500e+15
3.801234715331489500e+15
3.999442090528837500e+15
5.011801033494214000e+15
4.498306256616121000e+15
3.738192321328350000e+15
4.511995406214343000e+15
3.650697143202574000e+15
3.223831462548561000e+15
4.285497086333236000e+15
3.397882290526794000e+15
3.944781750353237500e+15
4.190377995817725500e+15
3.657465275224399000e+15
1.841423326041250250e+15
3.785484833789242000e+15
5.248291760667577000e+15
4.791030751641650000e+15
3.647792040532353500e+15
4.011231390043575500e+15
3.696681827852446000e+15
3.563981395144785000e+15
3.021325596351909500e+15
4.003807742159019000e+15
4.961633587594065000e+15
3.567726207230008000e+15
4.279892165604211500e+15
4.736843634076502000e+15
4.296539420534291000e+15
2.993495779168096000e+15
4.984222247444039000e+15
5.075503404961037000e+15
3.411920906490104000e+15
4.024131847861149500e+15
4.716302414569926000e+15
4.195353387769498000e+15
3.239899894563524500e+15
2.295489511817981500e+15
3.712275507655079000e+15
3.460630173165927500e+15
3.338646988986478000e+15
4.189074870354781000e+15
3.374700712727971500e+15
3.668558371942412000e+15
2.734115781505298500e+15
3.576576052456906500e+15
4.086558595962244500e+15
5.068765132144693000e+15
3.190718184708730500e+15
3.714291225960654000e+15
4.430958047669980500e+15
4.489764301158451000e+15
3.561483421121636000e+15
4.311273714675547000e+15
4.060056617036119500e+15
4.921363061946237000e+15
2.913426116395011500e+15
3.743502709530417500e+15
1.772856252311869000e+15
4.017026448627973500e+15
4.518978659291836000e+15
3.455921458432394000e+15
3.871657450283200000e+15
4.734866114730801000e+15
3.721855700649599500e+15
4.016931486444017500e+15
3.967074622584640000e+15
3.676039183246006500e+15
3.044203791319418000e+15
4.587767313433692000e+15
3.570592476344227500e+15
3.755074944893024000e+15
4.067646330175300500e+15
4.144244348880584500e+15
3.127126286848375500e+15
2.968459049083909000e+15
3.237712259878822500e+15
4.220732212356513500e+15
3.638986783804545500e+15
3.670048749855255500e+15
3.697300576088335500e+15
3.287583572613419500e+15
3.494977575723725500e+15
2.259398319870265500e+15
4.677332929529884000e+15
4.802089323561235000e+15
2.321073460476790000e+15
3.299327078354365000e+15
2.120497103080127500e+15
4.566993359062911000e+15
3.610675291466572000e+15
3.022474987135816000e+15
3.619930241910325000e+15
4.752316856072529000e+15
2.793013692842551000e+15
3.466089412954090500e+15
4.164668450697045000e+15
2.895441420206361000e+15
3.760704371868935500e+15
3.477170260172348500e+15
3.737227988170980000e+15
3.360793421333896500e+15
2.470001138745065000e+15
4.292682807692844500e+15
4.244035063598081500e+15
3.802535595967236500e+15
5.722577582837564000e+15
4.203433863727924000e+15
4.636532586474592000e+15
4.359884239710725000e+15
4.158301072722705000e+15
4.660682168151670000e+15
4.188713427324777500e+15
3.433814656898210000e+15
4.724410714619302000e+15
4.535144836834028000e+15
3.703663374224418500e+15
4.544005211587323000e+15
4.798156735982311000e+15
3.024885114582161000e+15
3.280989277446779500e+15
3.738376738384497500e+15
3.655067920641804500e+15
3.152351556916582500e+15
3.323913562079707500e+15
3.840873120067448000e+15
5.568273183264426000e+15
3.222800023473624000e+15
5.192216003097212000e+15
3.874688111893340500e+15
3.640156565457578500e+15
2.350332394473804000e+15
3.758297639696149500e+15
3.533171828412221500e+15
3.002072871729115000e+15
3.467045719232190000e+15
3.913394329074319000e+15
3.719435360364306500e+15
3.364952037482652000e+15
4.516709514982515000e+15
3.316355629164377500e+15
4.507789993735766000e+15
2.635387971527939000e+15
2.551949995858730500e+15
2.818000697931581000e+15
3.292774494583233500e+15
5.056491774484201000e+15
3.706086686695216500e+15
4.421230649422620000e+15
2.198960119185853750e+15
3.773052571860261000e+15
3.467860212109211500e+15
2.909149194369754000e+15
4.949482367078936000e+15
3.138571387341367000e+15
3.740542137212989000e+15
3.900565304601749500e+15
3.840719210379818500e+15
2.812653724138372500e+15
3.823507565000975000e+15
3.675992617201970500e+15
3.679905883713167500e+15
3.195523613230064500e+15
3.468849799788239000e+15
4.309489632510047500e+15
3.655982329123173500e+15
4.644796477850244000e+15
2.723883364291932000e+15
3.326699726066396000e+15
3.722890916165331500e+15
4.049894296076220500e+15
5.845329501359888000e+15
4.674344023410742000e+15
3.486810727651566500e+15
3.993395000526790500e+15
4.507974547832717000e+15
6.855890003254027000e+15
4.020761061769731500e+15
3.931329449890070000e+15
4.443080953049261000e+15
3.766745485200550500e+15
3.484911647670786000e+15
4.236782249408455000e+15
4.408263710942908000e+15
3.948600757581198000e+15
3.431980259152662000e+15
3.904482034389489000e+15
2.919592371462207000e+15
3.042475224078599000e+15
4.117726077386534000e+15
4.897739758836433000e+15
2.862049939976054500e+15
3.995296895758477500e+15
4.380424186494777500e+15
4.031411439903020500e+15
4.410359929005834000e+15
3.201655128362171000e+15
4.656391641355396000e+15
3.939545011963496000e+15
4.238249415120978500e+15
2.686290318420894500e+15
3.296149702986030500e+15
5.404979108403023000e+15
3.946568677258691500e+15
3.126365277163603000e+15
4.192493127820582500e+15
2.938508889340865000e+15
3.874119375832024500e+15
4.284520803083987500e+15
2.337145334731082000e+15
2.789062131289322500e+15
4.238289060841803500e+15
4.919900532750169000e+15
4.612231909050739000e+15
3.759541221332566000e+15
2.667267329080772000e+15
3.744520502171217000e+15
2.778340033251303000e+15
3.905925588262255500e+15
4.250603673126028500e+15
4.229828085325829500e+15
6.517574008973845000e+15
2.272720325994307000e+15
5.630894206708482000e+15
4.094611025630078000e+15
2.565521233248756000e+15
4.388961610070780500e+15
4.663308249187939000e+15
3.541244632924952000e+15
3.603015083077607000e+15
3.340535379861668000e+15
2.748987140420105500e+15
5.400548991031623000e+15
3.153613639257658500e+15
4.303387862186988000e+15
4.992102712668069000e+15
5.219774866350392000e+15
4.786707417758461000e+15
3.555228172246873500e+15
4.246194470897727500e+15
4.758363091752422000e+15
3.286757362295691500e+15
4.628426243394448000e+15
3.893300010813444000e+15
4.029410127589964500e+15
4.479040517011135500e+15
4.076553912963756500e+15
3.040646061235920000e+15
4.773318805735027000e+15
3.142251620420001000e+15
4.615987234600517000e+15
4.009746543925320000e+15
4.014923794290676500e+15
5.982791923648051000e+15
5.085904366799814000e+15
3.667974997094885000e+15
4.196878154553731000e+15
1.529927685343233750e+15
3.618932919795599000e+15
3.658944949245696500e+15
3.408016420894462000e+15
3.290577348952517500e+15
3.110478436309969000e+15
4.393268679314748500e+15
3.455099008979747500e+15
2.988233881904411000e+15
4.866225479647408000e+15
2.884595138053920000e+15
3.865228517001976500e+15
4.655029678140869000e+15
2.593599333918380500e+15
4.072973935414091500e+15
3.766095146902328000e+15
3.080887259292794000e+15
3.213033313256667500e+15
4.462559738110084500e+15
3.523440694917597000e+15
4.479103869432493000e+15
4.922628152151266000e+15
3.152752580660044500e+15
3.908531979191861000e+15
1.566471821311065250e+15
3.150732755909053000e+15
3.555704910544693500e+15
4.727522005105931000e+15
3.224590069601034500e+15
2.588557977995229500e+15
3.594871698401061500e+15
4.160014043387661500e+15
4.688464422217218000e+15
3.712764433092634000e+15
4.381489793177710000e+15
2.276406615488197500e+15
5.568313342086092000e+15
2.468521788891302500e+15
4.122303227975829000e+15
3.661269927847587000e+15
4.485934433844475500e+15
3.188065899506092500e+15
2.839983615925407000e+15
3.233101373329041000e+15
2.717850095942910000e+15
2.488723138006114000e+15
4.221303829183152500e+15
1.817450213309482750e+15
3.732759911294745000e+15
4.055799547238208500e+15
3.629756209826550000e+15
3.677760981850727500e+15
2.944356907239262500e+15
2.285457092571701500e+15
3.285969939095676500e+15
4.334295864546160500e+15
3.456547628736644000e+15
4.377631778809318000e+15
3.805471332982853500e+15
3.268243010680865500e+15
4.172332901549235500e+15
2.487862247888953000e+15
3.979202550389229500e+15
4.524353663910620000e+15
2.482183234360241500e+15
4.239807851225195000e+15
3.768275028010592000e+15
2.721240843409571500e+15
3.903541201849627500e+15
3.823359329897189500e+15
3.716217788682847500e+15
2.210812755738415000e+15
3.854368207241449000e+15
2.174254939494006500e+15
3.803104580472570000e+15
4.081926184392436000e+15
4.287405066828431500e+15
4.500225857660170000e+15
3.501937488052346500e+15
2.835816693437653500e+15
3.079035950172934000e+15
4.427102781167740000e+15
3.524574695566204000e+15
3.789867369818714500e+15
4.283242780336393000e+15
3.770631111758804000e+15
3.378612155492766500e+15
3.558726346458591000e+15
4.007506729476565000e+15
2.936654261835610000e+15
4.083788728708850500e+15
4.075593858225165500e+15
2.539245081307048500e+15
4.331342665115782500e+15
4.242490152725520500e+15
4.227645631693896000e+15
4.601891612109542000e+15
4.856316050332567000e+15
3.687547773586662000e+15
3.532305928472723000e+15
3.615897776414152500e+15
5.145240381071291000e+15
3.435583589672323000e+15
3.474378731395198500e+15
2.748787473690465500e+15
3.090085584238914000e+15
3.388421310698836500e+15
6.331545615122576000e+15
3.749837005686457500e+15
4.966658511286838000e+15
4.987814530680028000e+15
3.551061551175647000e+15
3.818393403077360000e+15
4.618734239436224000e+15
2.710009760762638000e+15
3.883690849759753000e+15
3.049730021149644000e+15
3.743300760464402000e+15
4.844135923054919000e+15
3.879827316499235500e+15
3.164536790324340500e+15
3.460509566586700000e+15
4.493406372063446500e+15
3.220052132633682000e+15
3.538385654729660500e+15
3.927528713469682000e+15
3.850340416493551500e+15
4.531281433168787000e+15
3.965724068244951500e+15
3.030035959971498500e+15
4.223128938629735500e+15
3.681338188570394000e+15
4.641568317669018000e+15
4.682775727388300000e+15
3.962074776125759000e+15
4.634943194114337000e+15
2.914544266508436500e+15
4.518871142246863000e+15
3.651493122721058000e+15
4.013256009614366000e+15
4.255066164708092500e+15
4.971108821233142000e+15
5.677526887603299000e+15
4.015452537075973500e+15
4.054583830670825500e+15
3.338649670404336500e+15
4.923527068522838000e+15
3.597584016925255000e+15
3.839511020377946000e+15
3.284397587400642000e+15
2.466169816986856500e+15
1.609502791994979500e+15
3.123609696646823000e+15
3.135835267167915500e+15
4.022455852585655000e+15
3.608321777373709000e+15
3.879325287717809000e+15
3.616891926313590000e+15
5.000820306831383000e+15
4.383777471158629500e+15
3.177081347019609000e+15
3.755668409396933500e+15
4.455726270333468500e+15
3.811381344418482500e+15
4.321984304027942500e+15
3.284647485648153000e+15
3.700368479427105000e+15
4.696847007892663000e+15
2.712470647960010000e+15
2.514982357972751500e+15
4.826114250572585000e+15
4.981252026366564000e+15
2.947020810071977500e+15
4.922121764950245000e+15
3.411295385224764000e+15
5.760502819580011000e+15
5.068725311782775000e+15
4.418360106767518000e+15
3.480743407683910000e+15
3.525940206594776500e+15
3.703839571579879500e+15
4.653319023030169000e+15
4.217126098808645500e+15
4.560126095410848000e+15
3.482275679272499500e+15
3.675226565503726000e+15
4.623828426955008000e+15
3.389811331318103000e+15
3.568476330674013000e+15
3.686023374024884500e+15
4.459267081664555500e+15
4.182845531908504000e+15
4.689733510889632000e+15
3.562732442138160500e+15
3.376882299221568500e+15
3.802369819999692000e+15
3.828395201067212000e+15
2.590469368626928000e+15
4.179422302595107000e+15
3.769614860854927500e+15
3.813375181293288000e+15
3.461839060518909000e+15
3.305479490708695000e+15
5.012822934204448000e+15
3.135750361923766500e+15
3.599887574905205000e+15
5.432139767816538000e+15
3.942299542219528000e+15
5.418257935040796000e+15
4.051285878554414500e+15
3.727213483235463500e+15
3.287381169970968500e+15
2.044724496176121000e+15
3.954283664373011500e+15
3.943468754748131000e+15
4.358808321976178500e+15
3.956777439778574000e+15
3.800555076693048500e+15
3.351362523874100500e+15
4.718612592590163000e+15
4.044978573510604000e+15
4.485490938000611000e+15
4.915717349790249000e+15
3.079187633709841000e+15
3.559569786440719000e+15
2.644213530530250000e+15
1.795535844333690000e+15
4.509827263197277000e+15
4.405352743349734500e+15
2.928284968704486500e+15
3.773346453442653500e+15
3.301122960482416000e+15
4.053852597169599500e+15
3.563254705857150000e+15
3.898819406029412000e+15
4.651347183389592000e+15
3.682149587131820000e+15
3.361739751579694000e+15
2.335166441579151500e+15
5.146771532140153000e+15
4.317239967039444000e+15
3.592414213823204500e+15
3.544193838493024000e+15
3.112824493267841500e+15
4.962906603113601000e+15
3.949117546038418000e+15
3.823094939252728500e+15
3.661621999371292500e+15
2.425921238072442500e+15
3.893323451918610500e+15
3.879546029476229000e+15
3.080312292627744000e+15
3.238330688954894500e+15
2.137701772144528750e+15
2.598079680980203000e+15
2.571819386024760000e+15
4.072692931903916500e+15
4.085282868058648000e+15
3.116075416308213000e+15
3.426149452473841000e+15
3.563089757252336500e+15
6.101731347641664000e+15
4.854374059494867000e+15
5.333904665196234000e+15
3.951521671034458500e+15
3.126121315169387500e+15
3.200084605258212000e+15
3.971273372065161500e+15
3.172248421238365000e+15
3.550204420693174500e+15
5.846997529741485000e+15
3.369413848198323000e+15
4.533789595425547000e+15
3.007968626307987000e+15
4.501061445525674500e+15
3.135544712718843000e+15
3.152856345923990000e+15
4.271653706086182500e+15
2.767148094289493000e+15
4.459517316629273000e+15
3.270407652216973000e+15
4.184446175273960500e+15
4.996909136391925000e+15
3.610313017353020000e+15
2.862907799455329500e+15
3.553672177996144500e+15
2.857969023745532000e+15
5.213514559981151000e+15
3.004153521514498000e+15
4.904535051771939000e+15
4.322775958689259500e+15
3.542253804015570000e+15
3.595849058438523500e+15
3.516882649204167000e+15
3.384347469189637000e+15
4.576407916114235000e+15
4.381661338936288000e+15
3.681388146492916000e+15
4.245648095985192500e+15
3.465146228541342000e+15
3.475212060068245500e+15
4.967718425694170000e+15
3.945965864232896500e+15
6.091730645982703000e+15
4.520449843869835000e+15
3.644963290475007000e+15
3.874249726943665500e+15
3.550420205133808500e+15
3.560803436535091500e+15
4.519143800853408000e+15
4.371221081270513000e+15
5.095986604642215000e+15
4.010559813180533000e+15
2.152725981984709500e+15
4.931873128002540000e+15
4.382587757168616000e+15
3.371929559096668000e+15
5.096637061074284000e+15
3.574578288171317000e+15
3.429625790327355000e+15
3.359929575021914500e+15
3.537843384656264500e+15
2.680266758927031000e+15
4.818174144916657000e+15
3.320973176611672000e+15
5.134834831608025000e+15
3.986356118075399000e+15
4.578102260448498000e+15
6.540011655410878000e+15
3.697303617731792000e+15
5.229013077385975000e+15
3.010542477474883500e+15
4.141982545419260500e+15
6.082074344374122000e+15
4.509858904367691000e+15
3.297972196677836000e+15
3.664633804000303000e+15
3.908089988702916500e+15
3.553565142891453000e+15
3.575110604362903000e+15
5.120075684764259000e+15
4.209842639611377500e+15
3.422247689817730500e+15
4.789058666036266000e+15
3.907211546796229000e+15
5.051765939086594000e+15
3.912409976155137500e+15
2.317022297531994000e+15
2.919179765987384000e+15
4.175265346786636500e+15
4.121455776021144000e+15
3.756631737886190500e+15
3.854998117386649500e+15
4.981124954742241000e+15
3.126438086237966500e+15
3.873280954343620000e+15
3.970279000562025500e+15
4.151092095056307000e+15
4.106206849189858500e+15
3.358039412718400500e+15
4.136578565285768500e+15
5.884855227533446000e+15
3.889249953665952000e+15
5.575964671036879000e+15
3.923713568888200500e+15
3.791161570315140500e+15
4.466452834072748000e+15
2.928425217761635000e+15
4.459473530102556000e+15
4.210404067000148000e+15
4.731263692266536000e+15
4.264295730312374500e+15
3.946331243342990000e+15
4.569473615431374000e+15
3.772048474814654500e+15
3.527409224599001000e+15
2.604771168114863000e+15
3.563035193955168500e+15
3.924009711967130000e+15
3.922403585926344500e+15
3.574865728617322000e+15
3.435684989158366000e+15
2.379698367562999000e+15
4.691442175580433000e+15
3.156957459180643000e+15
4.368637839972119500e+15
6.165240647704127000e+15
3.266735641691970000e+15
4.210548942330983500e+15
3.341843776310172000e+15
4.021809388091550000e+15
4.525881273963565000e+15
4.431251790000685000e+15
4.704262241143439000e+15
3.547653563353457000e+15
3.032382268587925000e+15
3.729757925322155000e+15
4.740154080636928000e+15
3.273617589108259500e+15
3.601072449532378500e+15
4.341935640891004000e+15
3.596706340988479000e+15
4.971002778382819000e+15
3.070426208654341500e+15
3.802109904560120000e+15
3.383689902822684500e+15
4.816230490868794000e+15
4.370290859434897000e+15
4.712823855164445000e+15
3.673986171584988500e+15
4.276398239043791000e+15
5.389734279289536000e+15
5.139162640166343000e+15
2.830028408597105500e+15
3.287562513830344000e+15
3.257907203961896500e+15
3.943304142815910500e+15
4.287850336669147500e+15
3.313439106061715000e+15
3.693289571325622000e+15
2.922761804521480000e+15
3.522845525443626500e+15
4.585951660378699000e+15
3.827019619398752000e+15
4.421673518924144000e+15
4.481315493828276000e+15
4.808360290967564000e+15
4.269025169061297000e+15
4.250912374043724000e+15
4.046495006903458500e+15
3.619205971983392500e+15
4.023385462942370500e+15
4.215539095825306500e+15
3.788943000772466000e+15
4.723616398802579000e+15
4.386976734955873500e+15
3.454516388620866000e+15
2.423198606271116500e+15
4.958849383681109000e+15
4.586213410976399000e+15
1.883427226753120500e+15
2.512173974813520500e+15
3.658404427089197000e+15
2.975102439017056500e+15
3.928097186205993500e+15
5.106452316077500000e+15
2.416923800469643000e+15
3.751801447576574000e+15
4.437356859579092000e+15
4.188250454964870000e+15
2.830623308869908000e+15
4.934060983882887000e+15
3.489176958691374500e+15
4.100460307481304000e+15
4.120455529452285500e+15
2.273705805573079500e+15
3.442549682489415500e+15
4.109675661503685500e+15
3.672755816991297000e+15
3.519820247075082500e+15
4.158931020280134000e+15
5.259605449726816000e+15
1.778044993946408500e+15
3.781827076071994000e+15
3.735935894957450000e+15
4.993797419266010000e+15
3.995369789077276000e+15
4.424982538086216000e+15
4.165001337043966000e+15
4.623406564090736000e+15
4.093121126351557500e+15
3.303050743041305000e+15
3.094884770779544000e+15
3.842748075645152000e+15
5.506942651123831000e+15
3.680191548926868500e+15
4.383336016672159000e+15
4.049770400478992500e+15
3.486032721551377500e+15
3.209880324520435500e+15
3.581240612400733500e+15
5.576414009022969000e+15
4.221303888177861500e+15
2.918187663011304500e+15
3.685568693389703500e+15
4.396842587802367500e+15
4.459460929323487500e+15
2.707913535315407000e+15
2.544644806629184000e+15
3.187960729057836000e+15
3.009450571308481500e+15
4.223487413658404500e+15
4.458823714326944500e+15
4.934128455451287000e+15
4.212635288721241000e+15
4.582147494079423000e+15
3.015788592993772500e+15
3.489764539682150500e+15
5.091158707088765000e+15
4.092205022024860000e+15
4.594998768767414000e+15
3.612264146564040000e+15
3.592192204511116000e+15
4.051898708876351500e+15
3.922126880649559500e+15
3.416145793104372500e+15
4.279573594770073000e+15
4.266709201281329500e+15
3.901702596733912500e+15
2.263233618230541000e+15
3.769802642190014500e+15
3.087955811393771500e+15
3.785607009646738500e+15
3.957561200583133000e+15
4.250743555521888000e+15
4.014777281855180500e+15
3.855794911730066500e+15
3.539030213345881500e+15
4.117926184759437500e+15
4.255626055824594000e+15
4.246500813205988000e+15
4.436847268899275500e+15
3.730688919192017000e+15
2.347164297560591000e+15
4.119666284895715000e+15
3.971238919423161000e+15
3.712874235392658500e+15
3.723396547444474000e+15
4.513112695994861000e+15
4.818414622845141000e+15
3.676965908041717000e+15
4.234821978498200500e+15
4.432797382843488500e+15
2.615415164415033000e+15
3.946186283521723000e+15
3.014891908958021000e+15
4.319701701102935000e+15
4.696424409047362000e+15
3.329580214197881000e+15
3.816859479369652500e+15
3.233050655539197000e+15
4.306485740240893000e+15
4.791450461426459000e+15
5.968237533643074000e+15
3.429440562890820500e+15
4.258424027746070000e+15
3.326734548221308000e+15
2.804017878349386500e+15
3.866996729340524500e+15
3.385509875313585500e+15
3.939674133074656500e+15
3.640463241773148500e+15
4.726070011551254000e+15
3.463218493806902000e+15
3.785365064109609000e+15
3.876870122157467500e+15
3.295568596638854000e+15
3.960830740867279000e+15
2.988539696841224000e+15
5.029626436757928000e+15
3.719135752059302000e+15
3.872060463358516000e+15
4.375842926241610500e+15
3.465856408201591000e+15
4.184505960900529500e+15
2.775399271941679500e+15
4.539495385269916000e+15
3.245167342275476500e+15
3.043790504272259500e+15
3.148446741583818500e+15
3.016707522271478000e+15
4.502184698666517500e+15
4.058625693092193500e+15
3.184673249744868500e+15
3.966722158853405000e+15
4.235498602594533500e+15
3.346007462970964500e+15
3.591230801328235500e+15
4.607356344924722000e+15
4.051321518901356500e+15
3.267054276989461500e+15
4.230458048877752000e+15
4.084911034715497000e+15
5.836000096695021000e+15
4.820795501423823000e+15
3.432704581203723000e+15
3.885677629871815000e+15
4.252067723818412500e+15
3.241960558876502500e+15
4.813930099098289000e+15
4.313235450895435000e+15
4.228876510161323500e+15
3.740566136186271500e+15
3.740146411391698500e+15
3.993564557827323500e+15
3.854672812114676500e+15
3.033756636624910000e+15
5.132149028008346000e+15
5.204650396546199000e+15
3.908614785273965500e+15
4.866518584968914000e+15
3.000470391695615000e+15
3.142829379301216500e+15
3.411683351083735500e+15
4.150431525093799500e+15
3.594674978528772500e+15
4.897209586208332000e+15
4.328134914096799000e+15
3.284436428148901000e+15
4.350089446698436000e+15
4.561806373194062000e+15
3.906368044917421500e+15
3.200728535213525500e+15
4.170281597506312000e+15
4.036137281151117000e+15
3.425416694624209500e+15
3.335356766279322000e+15
3.645061624095149000e+15
3.395690734979549000e+15
3.769623627276720000e+15
4.934979416316542000e+15
4.028887216393179000e+15
2.706517082253052000e+15
4.855076174318787000e+15
4.564633329128377000e+15
3.650374053171874500e+15
5.215008502722446000e+15
4.389796376621905500e+15
4.348615103191333500e+15
2.040745666544024000e+15
3.448412161711564500e+15
3.219609743194280000e+15
3.704702149989251500e+15
4.725468456814197000e+15
4.009166739363908500e+15
2.921577378904107000e+15
4.854000855318195000e+15
4.449572942991175500e+15
3.754758712017135000e+15
3.752278253297929500e+15
3.665497430888699500e+15
3.251566592294496500e+15
3.842111078928678000e+15
1.917479705536469750e+15
4.837505720721579000e+15
4.900777357092293000e+15
5.305683120102047000e+15
3.142762773825956500e+15
4.028765626386359000e+15
2.412187330914531500e+15
3.628372003791103500e+15
2.374666801026886000e+15
3.471694800082811000e+15
3.551573873791281500e+15
3.502715805516514500e+15
4.008950095009773500e+15
3.853802683735917000e+15
4.366748407409352000e+15
3.977687303107003000e+15
4.116452559775369500e+15
3.096117001369088500e+15
2.689426305030237500e+15
4.557500619964037000e+15
3.947938513650258000e+15
4.332293200158150500e+15
4.922728616980052000e+15
3.462753737567999000e+15
2.766049353169045500e+15
4.747860202149272000e+15
4.272721322077994000e+15
4.375408411690244000e+15
5.029729351266445000e+15
4.531097194782281000e+15
3.817139721405566500e+15
4.392523142677614500e+15
3.760569866887823500e+15
4.528312793195737000e+15
2.943137900542243000e+15
4.165409477873825000e+15
4.585240064427735000e+15
4.522842053314398000e+15
3.454281075666130000e+15
4.571584139554858000e+15
4.532564644072368000e+15
3.911404226825335500e+15
4.038865024167824500e+15
4.024564148607215500e+15
4.708307634925555000e+15
4.830336202113448000e+15
4.590804021218884000e+15
4.126523072872775000e+15
4.123295415796430000e+15
4.187912824104402000e+15
3.019276361783772000e+15
3.780747662524388500e+15
1.729293589142343750e+15
2.993036092411380500e+15
3.417413806029106000e+15
3.595286150606455500e+15
2.640866265717641000e+15
2.886632208322388500e+15
3.790846173833139000e+15
5.344586220769562000e+15
4.277816211785378500e+15
4.199624106509328500e+15
5.099569873187992000e+15
4.660923825216070000e+15
2.887522805385517500e+15
3.811703005310607500e+15
3.423878687103831500e+15
3.939528115252708500e+15
4.267883752711552000e+15
3.338573458762379000e+15
4.960281605719687000e+15
4.065323148326480000e+15
4.535625622233302000e+15
4.196897389010018500e+15
3.818221778559459000e+15
4.424083768095785500e+15
2.890306441158333000e+15
3.657377058122719500e+15
3.713584845488688000e+15
3.403212724418301000e+15
5.244482687571592000e+15
4.647538406081213000e+15
4.677464951461444000e+15
3.436025854864066000e+15
4.277328035673921000e+15
3.026381168751413500e+15
2.806554621232853500e+15
5.342991258420917000e+15
3.753152018583593500e+15
3.699106450760882000e+15
4.563693102610901000e+15
3.874357746375894000e+15
4.232361410567347000e+15
4.525666993523344000e+15
2.578360191904676500e+15
4.403587203984647500e+15
4.797808925976937000e+15
3.368976071866490500e+15
3.613985741795038500e+15
3.930470983836095000e+15
2.485786365819542000e+15
2.377314242843658000e+15
3.452730484402317500e+15
4.075198186749645000e+15
3.633079399662356500e+15
4.494402266344822000e+15
5.979217290315821000e+15
1.351696745888685500e+15
5.391217777580957000e+15
4.455832333008305500e+15
4.769570605290708000e+15
3.651304378916245000e+15
3.871322819436570000e+15
4.919606445358135000e+15
4.308651629352208000e+15
3.160529848808538000e+15
3.750615708809010500e+15
5.492821387441875000e+15
3.928122853778107000e+15
3.949182604711144000e+15
2.427027483435257000e+15
3.909157898793533000e+15
4.788581475401845000e+15
3.568634522635109500e+15
4.342651791009598000e+15
4.797704201615084000e+15
3.707582931848161500e+15
4.550159806120992000e+15
4.560800772741523000e+15
5.019469342220262000e+15
3.503197684454848000e+15
5.167176785419722000e+15
3.603008213450310500e+15
3.615564027000825500e+15
4.704292796583873000e+15
3.389258457466017000e+15
3.211605468472934500e+15
3.650389642323804000e+15
3.463913679746018000e+15
4.176239571037280000e+15
3.425234393020408500e+15
4.526089795366556000e+15
4.234492942505591500e+15
4.020826734007007500e+15
3.429292912246732500e+15
4.084847077600436000e+15
6.330351429447224000e+15
2.766645523047816000e+15
6.462130598417759000e+15
4.815701414510977000e+15
4.148667850620317500e+15
4.411909310245597000e+15
4.327664226962821000e+15
4.735626245998085000e+15
4.108630361267905000e+15
4.137883184400784500e+15
3.554207177211503500e+15
3.615055725115266500e+15
4.364907191357972000e+15
4.025387426001409000e+15
3.444477324606219000e+15
2.932683337431313500e+15
2.604115140046576000e+15
4.246489939582883000e+15
4.162488840861045500e+15
3.646306208842724000e+15
5.050920638129470000e+15
2.801896658705393500e+15
4.403127425960262500e+15
2.949749364055201000e+15
3.617167823829291000e+15
4.671553961111951000e+15
2.591403569257998000e+15
3.049728555371052000e+15
3.332690336645892500e+15
4.291335335541636000e+15
3.613610046947972500e+15
3.292744766953771000e+15
4.881692581411848000e+15
2.689472356782390000e+15
4.405728874992181500e+15
3.855799418765096000e+15
3.408251223654339000e+15
3.803053200027598500e+15
4.325801172689054000e+15
3.202122529019911000e+15
2.512941580897672000e+15
4.645546018947878000e+15
4.595472056774913000e+15
6.095360406287524000e+15
3.843089389670815500e+15
4.007224228337744000e+15
4.603129813386074000e+15
3.930999909810652000e+15
3.822604036629774000e+15
4.418733129579837500e+15
4.106352829016948500e+15
4.336652391405132500e+15
2.940518278612553000e+15
6.242939939130024000e+15
3.254124146833905000e+15
4.860704659428813000e+15
3.376682626526206500e+15
3.233770086542224500e+15
3.591355693671711000e+15
5.797352352622680000e+15
3.095933471426526500e+15
4.302495106297355500e+15
4.911905182841595000e+15
3.522921229590419500e+15
4.537514233713954000e+15
2.436969752972184500e+15
3.684842199238503000e+15
4.164575123766611500e+15
4.680278337951187000e+15
4.589181090328693000e+15
4.383643566000140500e+15
4.719612818700930000e+15
2.852268826776933000e+15
4.743822500677327000e+15
4.458724829300230500e+15
3.176837402000324000e+15
5.002762131675865000e+15
5.266767872959929000e+15
3.158261679640042000e+15
4.318918649762372000e+15
3.947173597538555000e+15
3.761588339543195500e+15
5.139731271449164000e+15
5.103451159490854000e+15
4.656778811247121000e+15
3.842592710110796500e+15
3.738075110715799500e+15
5.800198428897311000e+15
4.494261865952989500e+15
4.822645895792874000e+15
4.915815182769820000e+15
4.375672509765138000e+15
3.204211741403562000e+15
4.110316226539472500e+15
3.358242868256517500e+15
3.757684263753649500e+15
3.808485295324208500e+15
3.923794022298095500e+15
2.607094593492856000e+15
4.958471707631361000e+15
3.985224036915849000e+15
3.334861707619704500e+15
4.359749459099163500e+15
5.077581840452652000e+15
4.190384502707410500e+15
4.223292849093141500e+15
4.664976097884813000e+15
3.657428859924357500e+15
3.375775739492419500e+15
3.572041347845796000e+15
3.338624385399163500e+15
3.878115924508636500e+15
4.369980144094327000e+15
4.028164837464178000e+15
4.084896323937682000e+15
5.873908946020697000e+15
3.740310392987887000e+15
3.620240392539520000e+15
3.983478737663912500e+15
4.950221545004222000e+15
3.909289600031591500e+15
3.937584008245793000e+15
2.960725868331210000e+15
3.144722955268315500e+15
2.830517254564439000e+15
4.502259028276877500e+15
3.828229422386052000e+15
4.224089937163057000e+15
2.988209615452554000e+15
4.360809339126940500e+15
3.506816285655413500e+15
3.388218082031667500e+15
3.746885646422741000e+15
4.878620112979943000e+15
3.970737971347002500e+15
4.776463050455670000e+15
3.802061909043070000e+15
3.741199726759608000e+15
5.297598911169568000e+15
4.693829248279764000e+15
4.837329085246675000e+15
3.429819682067041500e+15
3.787290708649257000e+15
3.919864862475487500e+15
4.832472701044255000e+15
4.526546210425952000e+15
3.969111665482283000e+15
2.480697515538446500e+15
4.689432662404314000e+15
6.042402180626672000e+15
4.734901894261241000e+15
4.170460702378651500e+15
4.302665003959075000e+15
3.580924680864559500e+15
4.926735765881394000e+15
3.826532194704854000e+15
3.453382528673310500e+15
5.115633585271832000e+15
4.162485221334673000e+15
3.846027850152253000e+15
2.793451157752259500e+15
3.993927495599784500e+15
5.316196746421433000e+15
4.998941567608541000e+15
2.982347677555147500e+15
4.248386610612084000e+15
3.499256170384152500e+15
3.696354660091560000e+15
4.987267911170512000e+15
3.064046083042781500e+15
4.169437955687512000e+15
2.949844607389365000e+15
3.900681294699351000e+15
2.434952741047133000e+15
3.039866487526307500e+15
3.687868064153796500e+15
2.399385241923600000e+15
4.157715405544901500e+15
3.237630724437758500e+15
4.331714152067015000e+15
4.328420419015240000e+15
4.183016254451523500e+15
4.003054547462787500e+15
4.619218619887057000e+15
4.491417016215463000e+15
2.544978797834146500e+15
3.984507846587668500e+15
3.929090651858787000e+15
4.328610678657826500e+15
1.918472705994380000e+15
3.975397240666041500e+15
4.392628716285007500e+15
3.988019047025198500e+15
4.283021137468238000e+15
3.733852539801293000e+15
6.250252824864141000e+15
3.514630755971888500e+15
3.466816345671012500e+15
2.737038467506856500e+15
3.660030993187618500e+15
3.680531033802574000e+15
3.979741480378446500e+15
2.766715607932811500e+15
4.208965497696723500e+15
4.925887808694767000e+15
5.557749576886763000e+15
3.877784971085483000e+15
2.425736197919178500e+15
2.180241040537689000e+15
3.785046585350267500e+15
3.221708505000960500e+15
4.421551459307460000e+15
5.324788790791161000e+15
5.682285811389305000e+15
5.071317222317414000e+15
4.117660054145670000e+15
3.847815138775934000e+15
2.848189999209539000e+15
3.918733149414000000e+15
5.172313152864085000e+15
2.306392459566556500e+15
1.738723802774359000e+15
2.147711821298404250e+15
4.727975515680401000e+15
2.467419808912668000e+15
3.691457573432127000e+15
3.202049998283829000e+15
4.278746179008217500e+15
4.639661983011310000e+15
3.932551643003459000e+15
5.213681204813239000e+15
3.556574166383341000e+15
4.370530444957918500e+15
3.303511274289462500e+15
5.487628668695843000e+15
3.292508118987882500e+15
2.207873553167253750e+15
2.431076442468512000e+15
3.419026063145303500e+15
4.682984824459074000e+15
4.359192936333244000e+15
3.958647866947417500e+15
4.047454981471355000e+15
3.320180141199089000e+15
3.460710578862982000e+15
3.782640362392721000e+15
4.154952898508816500e+15
3.625250380300174500e+15
4.641796008196558000e+15
1.606129967936196750e+15
3.568169023108383000e+15
3.720827828336526000e+15
3.588228799950912000e+15
4.235992453939723500e+15
4.745721101506950000e+15
3.532326280519772500e+15
4.835392117944083000e+15
3.765509610228054000e+15
2.744819650105699500e+15
3.431221923655183500e+15
4.022731603115318000e+15
4.428333065758987500e+15
4.329094458453060000e+15
3.719924323622442000e+15
3.772918052925686000e+15
2.967669387488049000e+15
3.758374193946071500e+15
3.683053122863471500e+15
3.573846928202963000e+15
3.570775137283084500e+15
2.704527316753573500e+15
4.043401853385246000e+15
4.191709572216647000e+15
3.626498480448082000e+15
3.543470903632784500e+15
3.054781309012026500e+15
1.824870418296623750e+15
3.016506684683228000e+15
2.925534841705410500e+15
4.497017198924476000e+15
2.539245392478755500e+15
3.333533910183499000e+15
3.541395372433668500e+15
5.422303310678842000e+15
3.860636018803412500e+15
3.573371818608237500e+15
3.643287021372227000e+15
3.415195257623284000e+15
3.570179991173592000e+15
3.363369155928231500e+15
3.478273479615541000e+15
3.038400094599360500e+15
3.158504185354070500e+15
3.353533627824450000e+15
3.408170588011487500e+15
3.347598025806503000e+15
5.040102317935459000e+15
2.703857762405540500e+15
4.242640222610674500e+15
3.503334742620701000e+15
3.871020557633248500e+15
4.200968919740399000e+15
3.589342932382990500e+15
2.936720421740559500e+15
4.431027325619946000e+15
2.833994958753850500e+15
3.723711014229277500e+15
5.324591048262553000e+15
4.469848139612783000e+15
3.817872341799296000e+15
3.182053868431865000e+15
4.364501548369023000e+15
3.206259256660917500e+15
3.331551142545523000e+15
3.476590267750344000e+15
3.827393775739775500e+15
2.960752011287893500e+15
3.988077412452234500e+15
3.446722152485029000e+15
2.518701726093658000e+15
3.952972754342381000e+15
4.815814013787497000e+15
3.003530045731875000e+15
3.825827127662477000e+15
2.420843398520800500e+15
4.898394600247403000e+15
3.494372775386245500e+15
