1.132289568369995200e+16
7.931408604426844000e+15
6.059535762739580000e+14
5.548021728621160000e+15
7.713540927318440000e+14
1.707898312692903750e+15
1.493114897817294750e+15
3.721329584541728500e+15
2.317687740273090000e+15
1.900921840620503000e+15
5.480333406859217000e+15
1.700829174989284500e+15
2.733744149516979500e+15
1.555818197117225500e+15
5.839230329330221000e+15
1.459990666725540500e+15
8.637623929639311000e+15
6.283193759407870400e+16
1.179234174451537400e+16
2.013858901894714000e+16
8.496953902449818000e+15
7.643141997771142500e+14
2.774571747390911500e+15
1.682381513236256800e+16
7.231818724686436000e+15
1.932317239242928400e+16
1.263975994071905600e+16
5.557686532194527200e+16
5.929447986416990000e+15
2.399199898448037500e+15
3.530682243315266400e+16
2.471592366775026500e+15
9.612131998821192000e+15
6.079803723964868000e+15
3.702639396012160500e+15
7.426075478869591000e+15
1.489462895009469250e+15
7.498767414366887000e+15
9.731568250809914000e+15
2.665539463095761500e+15
3.282817380708359000e+15
4.554380563418151000e+15
3.317305942914652500e+15
1.053490692601731500e+15
1.711879547509248250e+15
3.330359091853254000e+15
7.607616543434181250e+14
1.435666683583204000e+16
1.272341436650214750e+15
1.081315683178925400e+16
3.748359463087295000e+15
8.162143730064261000e+15
6.036866620213793000e+15
7.394951753747341000e+15
9.984255930838976000e+15
4.161955701771849500e+15
4.447833894682001500e+15
3.403551395440392500e+15
1.047721594653415000e+16
1.437422208374518800e+16
3.309657406536248500e+15
6.374199985002948750e+14
3.348338303894385000e+15
2.403405395353573500e+15
3.785277793690938500e+15
3.943177927776084000e+15
9.150543088886734000e+15
3.015120669225082400e+16
1.266488572369300250e+15
1.623170906626064800e+16
4.098040251059132500e+15
1.098587158460779000e+16
2.796589071618729000e+15
3.311350010896569000e+15
1.458595485592186000e+15
9.526121334374500000e+15
1.664800003234382400e+16
1.415049350287651200e+16
4.660279603365062000e+15
1.718209445822014000e+16
9.952547134745874000e+15
3.660055117024703500e+15
4.262707199786252000e+15
4.633858461849764000e+15
7.060884318103003000e+15
1.706635342686393250e+15
5.822098499281121000e+15
9.845049620840908000e+15
2.929608309454161000e+15
6.177152554802690000e+15
6.083613942665731250e+14
2.804243750185965000e+15
7.399147039646662000e+15
6.798393067397981000e+15
7.990070803529710000e+15
3.153912743590213500e+15
3.505799753638567000e+15
1.364805230015510200e+16
1.215915475193443680e+17
2.309890105077618500e+15
2.096436977073899200e+16
1.595129540411021400e+16
4.333765519767787500e+15
6.893074949402420000e+15
3.094700905341375500e+15
3.834697660760908500e+15
3.776629600646313000e+15
1.046918456748233200e+16
1.084652912475202125e+15
5.925036156529297000e+15
3.797852764035493500e+15
2.237766729726322500e+15
3.217376665692529600e+16
2.193105941561118250e+15
1.739259117608752500e+15
4.903299778518090000e+15
2.082955387843840750e+15
2.394664079189676500e+15
1.714185615722112000e+16
6.647978204892880000e+15
5.835258550747835000e+15
9.032105091796908000e+15
8.774903831184482000e+15
6.092887581203836000e+15
2.474118147337973600e+16
3.834624832663826000e+15
7.187939260871450000e+15
4.055142969223171500e+15
5.399553811908911000e+15
1.294787724574498200e+16
4.073342147405271500e+15
4.592941345250549000e+15
1.830501092675102000e+15
9.126728359615356000e+15
1.108323892909288625e+15
9.868752197549176000e+15
1.152993585533155000e+16
1.499436216697437800e+16
1.261024395827031400e+16
1.507699578337639000e+16
9.829973550930726000e+15
1.135127536708011600e+16
8.289464093395722000e+15
3.621784311420365500e+15
3.755984340231632500e+15
4.100639379965331000e+15
1.575238420474024800e+16
3.477554685582536000e+15
9.050318937408498000e+15
1.154759624656148500e+15
6.938563976816706000e+15
1.933385713106962000e+15
2.940882820633859500e+15
1.383129431160487250e+15
2.631130349477856400e+16
3.144188586204678500e+15
2.456884564651933600e+16
6.233196329610285600e+16
2.700928861104862000e+16
3.735495294243865500e+15
5.157132636730660000e+16
2.350832843643071500e+15
4.191414510393731500e+15
3.873111978786661000e+15
2.596148204890510000e+15
5.540723937169749000e+15
6.392979022199433000e+15
1.049502811411476000e+16
8.160557303099181000e+15
5.079420783251569000e+15
6.487471875064945600e+16
1.626225870287665600e+16
1.721850645474132400e+16
4.602923120986413000e+15
8.012116806660902000e+15
3.481494287448026000e+15
3.680297386389119375e+14
1.486042536623482600e+16
3.675346464957411500e+15
7.943455771112272000e+15
7.322384270898010000e+15
2.690368081043790500e+15
7.762720179408606000e+15
4.157421185507411500e+15
1.598325834837533600e+16
1.593178659032753400e+16
3.453185201883222000e+15
2.176588863975792960e+17
8.511514036432811000e+15
5.279545237513918000e+15
4.696752969423338400e+16
6.434253931743769000e+15
4.005555875380787000e+15
9.388199414763084000e+15
1.791591383596718750e+15
4.169401440067616000e+15
6.249945719019458000e+15
5.276948937423890000e+15
3.277219146326321600e+16
3.099948667719049200e+16
6.401167470885930000e+15
1.178319681716416750e+15
1.057206804249339200e+16
3.630607357324289500e+15
6.303738842006837000e+15
1.386817686725165800e+16
3.845700269125085500e+15
5.178189326504367000e+15
4.975653711119317000e+15
3.678756564499083500e+15
2.574150982817291200e+16
5.252336412205548000e+15
5.538500497902078000e+15
5.132725639368775000e+15
3.883289034283578500e+15
4.012387480480891200e+16
9.854582255054022000e+15
6.213119911605259000e+15
1.024954386249055200e+16
2.510788104081678400e+16
4.183952180763365000e+15
9.036824087674024000e+15
1.570826394771685440e+17
7.271247483535413000e+15
1.955683275022197200e+16
4.693977255136780000e+15
4.471899626464441500e+15
3.689782301210106400e+16
5.206914466465257000e+15
5.200953004789795000e+15
5.677626568915613000e+15
1.213404679553948000e+15
9.611167321782814000e+15
6.417447883182464000e+15
1.648036210471850200e+16
7.296155834670570000e+15
5.290538008972443000e+15
3.148905784927912500e+15
3.134907033144164000e+15
1.628856285416951800e+16
5.148482671537061000e+15
3.768661373135993500e+15
9.638805865723766000e+15
5.184527948672293000e+15
1.389169914006784400e+16
5.317568394863900000e+15
1.709773920530009600e+16
1.658368573085879750e+15
4.618182351704395000e+15
1.455219911815545000e+16
6.228722544833007000e+15
2.079364304180746800e+16
7.709588744391958000e+15
3.931171377018151200e+16
2.825124849147508000e+16
5.895089039128929000e+15
2.675666639522021600e+16
1.345325605287772600e+16
3.825278720291574400e+16
9.250461187535104000e+15
3.485167084689221500e+15
1.009079172209650000e+16
7.123554535385608000e+16
1.668212756580196800e+16
1.210682886008550400e+16
3.313371166599210500e+15
1.329723221296877400e+16
2.861858438526660000e+16
1.271821887270370600e+16
1.599801789258170200e+16
7.825492604845804000e+15
6.012523925200273000e+15
1.735514322964922200e+16
6.382892456162201000e+15
1.312516000382328200e+16
3.364095614510545000e+15
1.371832685648312200e+16
6.418743007190106000e+15
1.757388495358556750e+15
4.710723932279142000e+15
2.530126508129641000e+15
9.395384123961346000e+15
1.551642146326858800e+16
6.636705757966484000e+15
8.013825455928455000e+15
1.355168145023544000e+16
1.401266929268375600e+16
9.881476988395558000e+15
8.649568079270351000e+15
6.015032486368513000e+15
3.252996649100340500e+15
1.284870137432799000e+15
3.585647639758702000e+15
2.640462213756129000e+15
1.464542204055360000e+15
7.662074756616212000e+15
7.430410242585508000e+15
1.078384808379394800e+16
1.777676360776163800e+16
9.658785968169060000e+15
2.186938342395518800e+16
6.619923461945431200e+16
2.003374520367380800e+16
2.437191451654734400e+16
1.974667732739892400e+16
7.023534225954696000e+15
3.493910600088360000e+16
6.251913143389668800e+16
4.997192768152101600e+16
3.933271253567033500e+15
1.149648796936932600e+16
1.121563462426124200e+16
3.625791760881560000e+16
1.016465042545417200e+16
1.323659990834388600e+16
6.426101965374806000e+15
1.180982959191954800e+16
8.182289344820471000e+15
4.718250820739999000e+15
8.088039099658237000e+15
3.490822812443722400e+16
3.496921840441270000e+16
1.810100249612312400e+16
1.468192659673056200e+16
1.070232041391351000e+16
7.250055877240985000e+15
1.483565362095557200e+16
4.124007474104152000e+15
5.005683457285763000e+15
7.261146651949171000e+15
4.089577589740999500e+15
1.750841481087216500e+15
