1.22176036e+02 
2.56085574e+02
2.66371219e+02
7.57530819e+01
5.57878700e+01
2.15658593e+01
4.17255048e+01
1.93241045e+01
2.77004944e+01
1.64806674e+01
1.14405300e+01
9.78777075e+00
6.64956360e+00
1.24965402e+01
1.27851055e+00
3.67415457e+00
9.67491031e-01
3.69598727e+00
2.23959816e+00
1.87856342e+00
2.77299758e-01
9.51137221e-01
1.17133925e+00
6.42809137e-01
1.67435531e-01
4.56114025e-01
0.000000000000000000e+00
0.000000000000000000e+00
1.608565086221037388e-01
8.899100593286579652e-02
4.232150629935024777e-01
1.710226640798480358e-01
0.000000000000000000e+00
5.149819146801045688e-01
0.000000000000000000e+00
1.136235851628468185e-01
1.481697969058843600e-01
0.000000000000000000e+00
3.375612446731336980e-01
8.114823898453757400e-02
0.000000000000000000e+00
0.000000000000000000e+00
2.969880121567253228e-02
1.294829384223712132e-01
0.000000000000000000e+00
0.000000000000000000e+00
8.084148600970307574e-02
0.000000000000000000e+00
0.000000000000000000e+00
4.786163681813704329e-02
0.000000000000000000e+00
