8.887479669833830400e+16
1.117605612431701440e+17
8.040184773349049600e+16
7.201656116897536000e+16
7.685910627543395200e+16
1.040763403164475840e+17
8.531674630769708800e+16
1.056294032345281280e+17
8.103879402848398400e+16
8.107993678110488000e+16
7.792171520946428800e+16
9.627427001601436800e+16
1.008248416595071360e+17
9.076478138744600000e+16
9.241650917603876800e+16
8.408885853115084800e+16
9.524831474547918400e+16
9.015854311609891200e+16
9.445800286616648000e+16
7.968081769519833600e+16
1.017294222997074880e+17
8.610976234116987200e+16
1.058975075647611040e+17
1.025333301135639040e+17
9.519267011510865600e+16
9.912101498441988800e+16
9.423614235621179200e+16
1.032897573214449760e+17
1.076990171957987840e+17
5.061538427716486400e+16
6.211174484393980000e+16
6.438502596862721600e+16
6.495654320678050400e+16
6.365696069600247200e+16
5.664393937468565600e+16
6.159458108737291200e+16
5.846824714163245600e+16
7.445993853863403200e+16
6.018701645575785600e+16
7.949348168688033600e+16
5.292946302298692800e+16
6.705341648535773600e+16
7.259485180005606400e+16
7.397031551117147200e+16
7.034996037760772000e+16
8.219948162880691200e+16
5.387397677082814400e+16
7.024530790171471200e+16
7.148825902640625600e+16
5.390572126244224000e+16
6.501458322311723200e+16
6.854973017849654400e+16
6.676769807270312000e+16
5.521217243541312000e+16
6.566457672214591200e+16
6.357194143973336800e+16
8.237823253743502400e+16
7.066691352653142400e+16
4.848568671022529600e+16
8.735203161991590400e+16
8.459605958384744000e+16
7.239147138358432000e+16
6.407242253843875200e+16
7.379270888421236800e+16
8.826472825655656000e+16
8.034217230025534400e+16
7.589247541357747200e+16
7.487414235037750400e+16
6.711149762967970400e+16
8.348150532441225600e+16
6.778298217247864000e+16
6.169733901570446400e+16
6.515991134274946400e+16
7.939920740673777600e+16
8.403117044031857600e+16
9.375827632892283200e+16
6.984174421074140800e+16
6.142376694572140000e+16
8.697169134726059200e+16
7.821821215164132800e+16
8.926289090457497600e+16
7.513622357382843200e+16
9.135579862014793600e+16
8.395010535991601600e+16
8.705663590327552000e+16
7.618926760881608000e+16
8.540283731055846400e+16
5.973547347958398400e+16
9.617433115041612800e+16
8.672161913697492800e+16
1.026086545372288160e+17
7.121411257156003200e+16
7.799643086957267200e+16
9.193316188577054400e+16
7.652950474659848000e+16
7.893345486295216000e+16
9.034230201907049600e+16
1.082877934600002560e+17
8.312449349197664000e+16
9.197836950407740800e+16
6.522322179312144000e+16
9.152062489372099200e+16
6.489358088670572000e+16
7.267911079863048000e+16
7.648689910457697600e+16
5.765502150254684800e+16
7.311444000993532800e+16
9.340708022749958400e+16
8.087269212305776000e+16
6.218121007758492000e+16
1.004711714553788160e+17
8.458707259856561600e+16
8.973819795564067200e+16
7.976935605906385600e+16
9.319636916607830400e+16
6.297084722358433600e+16
9.096760591809289600e+16
7.397577221787836800e+16
8.847796109430638400e+16
8.420227201502368000e+16
6.204851974400185600e+16
3.701100692892729600e+16
9.846384596789139200e+16
7.447509507821017600e+16
7.960147311125012800e+16
8.904947169493560000e+16
9.268891309978790400e+16
1.015501278539379040e+17
9.381868402826547200e+16
9.323700564620329600e+16
8.859656071460510400e+16
6.884161321173856800e+16
7.806846436847974400e+16
9.929739215553164800e+16
6.993007582654760800e+16
9.812593358211302400e+16
9.346045562108131200e+16
7.666360582702553600e+16
4.474013659679430400e+16
6.656545115532295200e+16
6.966204099513909600e+16
8.030334006613467200e+16
1.853496344633763200e+16
6.442978018128394400e+16
1.062720732587952480e+17
7.190265694776163200e+16
1.103950123071363040e+17
8.725312351928608000e+16
9.235057076056164800e+16
5.974554898820324800e+16
8.342461139574313600e+16
9.418886435522947200e+16
9.014390939885184000e+16
5.751976381181580800e+16
8.713034109538787200e+16
8.715795891387171200e+16
9.085702837336184000e+16
7.445989373521776000e+16
8.881536392691254400e+16
7.766965662589320000e+16
9.173368280831793600e+16
8.285235173664630400e+16
9.818103385133684800e+16
9.873921963748220800e+16
1.098566888081774880e+17
1.049591328972142560e+17
1.202633464816851200e+17
9.607918252985556800e+16
7.838183998652398400e+16
9.405926689606563200e+16
8.300469659233312000e+16
8.460611296925812800e+16
9.258591060152145600e+16
9.232195036265158400e+16
9.433885262010403200e+16
1.099957187207770080e+17
1.101408327595788800e+17
1.068012181684212320e+17
7.198259699473460000e+16
7.983974713611203200e+16
8.474560853254956800e+16
7.890432289362990400e+16
9.525657574887337600e+16
9.583719143750268800e+16
8.969773162393923200e+16
5.676558528205232000e+16
8.833678450643272000e+16
8.215267528943726400e+16
9.472840186937291200e+16
6.605453036881394400e+16
1.022465271600131520e+17
8.942208407954499200e+16
5.804807602026684000e+16
1.070802626525218560e+17
7.503215781129188800e+16
8.956100184822625600e+16
9.606592601044836800e+16
7.541558749205390400e+16
7.946621542265273600e+16
9.118082861658137600e+16
9.318370893436988800e+16
7.926119957218995200e+16
7.474257291298564800e+16
8.698044076002633600e+16
9.367273961269238400e+16
8.309000223124299200e+16
8.177163406876292800e+16
7.848439761039952000e+16
1.232168381284810880e+17
1.065371353551792160e+17
8.826414447347099200e+16
1.024143521255566080e+17
9.301591375006353600e+16
9.496838525935601600e+16
9.315404869544448000e+16
5.775118993427162400e+16
9.203397200376244800e+16
8.807735701368009600e+16
8.370339737349228800e+16
8.927766923379913600e+16
8.474041838351524800e+16
6.398054823585193600e+16
8.448313674292692800e+16
7.665971716691132800e+16
8.586652228203500800e+16
8.492467631314644800e+16
6.141290162347080000e+16
8.453915863939702400e+16
8.551514758100955200e+16
7.644316435899200000e+16
8.514710529670595200e+16
1.054351031396805440e+17
5.068428552876704000e+16
6.116975221607265600e+16
9.954588415420614400e+16
6.592387966300354400e+16
9.517166547652476800e+16
1.107438064505383680e+17
9.884602064392755200e+16
8.584253237337142400e+16
9.820746558786201600e+16
9.916731802545246400e+16
9.684978939129377600e+16
8.284252084291830400e+16
8.869576045234936000e+16
3.916431051584379200e+16
7.317845838131704000e+16
9.835908798542411200e+16
8.578964168341566400e+16
9.824142250789729600e+16
7.853669875094545600e+16
5.147562277710128800e+16
9.927020855020444800e+16
7.390806736925843200e+16
8.102267827924942400e+16
9.418449862543875200e+16
8.415965507034905600e+16
5.383994681644516800e+16
7.721518584272512000e+16
1.025031229441737120e+17
8.423952878692473600e+16
1.015472036097977600e+17
9.864680424225116800e+16
9.580571326441929600e+16
1.038985262046839040e+17
6.190103963122282400e+16
9.655793327527651200e+16
9.962101754245675200e+16
6.558534561561980000e+16
8.825620994872675200e+16
8.420242598302969600e+16
6.659420640356275200e+16
9.340696278789091200e+16
8.577322232194644800e+16
8.984419000874193600e+16
5.838907080014140000e+16
1.163863362751463200e+17
1.094551519651723360e+17
6.569507112983355200e+16
6.272647378503495200e+16
8.445821677338280000e+16
6.886753571079620800e+16
8.514571897739699200e+16
1.014571634302410400e+17
7.996592339939488000e+16
1.130085678002253600e+17
9.651965511072577600e+16
1.157816046617905920e+17
8.667196926008304000e+16
6.736529309773395200e+16
8.451905192775368000e+16
1.000078670332894080e+17
8.660040474946878400e+16
6.601007945476664800e+16
9.927775469620268800e+16
7.982737105750033600e+16
8.878389479134316800e+16
9.002911238503792000e+16
9.963087425054892800e+16
8.671021278985796800e+16
1.008473303885731840e+17
6.195417374247532800e+16
7.784064569782641600e+16
7.415104329452513600e+16
9.310854177000692800e+16
9.830288927671702400e+16
9.903900816565481600e+16
9.106569411188937600e+16
9.188273441777646400e+16
7.098878410067742400e+16
1.018434780981470080e+17
9.513859991642574400e+16
9.108271939702932800e+16
7.494927524627084800e+16
9.072184766995940800e+16
9.460207588670585600e+16
9.166976775954212800e+16
1.059597736044717600e+17
8.081958161941662400e+16
1.045824860481088800e+17
6.947836052753628800e+16
8.362909147263179200e+16
1.012621560404753440e+17
9.405696359244569600e+16
8.794498322646468800e+16
9.608651605933916800e+16
8.746459286590492800e+16
9.956972169620139200e+16
8.497758099234987200e+16
9.641540088338387200e+16
1.007805321136833280e+17
9.457125421621742400e+16
7.378255437148689600e+16
6.286641028738856000e+16
8.538396137849379200e+16
9.243113423962142400e+16
6.568198857054544000e+16
4.513284208732994400e+16
7.455781884898016000e+16
5.563536459375543200e+16
8.137301123250406400e+16
1.066745478712476160e+17
9.747248960543120000e+16
1.039278415470827520e+17
9.360823793532588800e+16
9.290689603497334400e+16
6.520189489964569600e+16
8.978524103129961600e+16
9.456106465433414400e+16
1.058870245000880800e+17
1.043826838402404800e+17
8.613908546458851200e+16
9.255508035966268800e+16
1.011150439138128640e+17
1.065087867835425440e+17
8.759976687155905600e+16
1.051406769513232480e+17
1.097417808704724000e+17
1.130037315104890080e+17
6.620411723004492800e+16
9.675716672330896000e+16
9.954319149941342400e+16
9.034612190432755200e+16
8.883291556432091200e+16
6.766598127083716800e+16
6.750531767944084800e+16
1.066928653956670880e+17
6.412313337355584800e+16
7.068268235432208000e+16
9.650336500485128000e+16
7.455540692915979200e+16
1.139912832702243040e+17
9.409908002300089600e+16
6.062496649856559200e+16
9.299780583109907200e+16
7.133148785972151200e+16
9.412595090551825600e+16
9.243122199875369600e+16
8.947146616380905600e+16
1.027620137643567200e+17
7.454028843726094400e+16
8.911232019549934400e+16
7.381749434209052800e+16
9.091304196427070400e+16
7.160338058606375200e+16
6.819336727268280000e+16
1.099995278237884480e+17
8.508773019446734400e+16
1.015500857726192000e+17
1.058814414199966400e+17
7.739888997615556800e+16
9.597503935586524800e+16
7.982666856077283200e+16
7.980996173731692800e+16
9.389670885776814400e+16
1.008662582776266720e+17
1.174634960484452800e+17
7.136973417399916000e+16
6.966202438084655200e+16
7.689020072423244800e+16
8.773392715902560000e+16
1.004314545457567360e+17
1.011393588986161120e+17
7.876855439547939200e+16
8.130714452448430400e+16
7.588241214150412800e+16
9.958422700101611200e+16
1.011440092828443520e+17
9.924982501241371200e+16
1.031361054654997920e+17
1.070588808893112000e+17
7.603162290374012800e+16
1.013164319782157440e+17
8.979204914799816000e+16
1.113829821690957280e+17
9.088943667079732800e+16
8.910290039312928000e+16
8.796897339802224000e+16
9.805945198674518400e+16
9.668716382206164800e+16
6.394902667590479200e+16
8.254088313726795200e+16
9.230928259034254400e+16
8.878498405013316800e+16
9.002960724171169600e+16
9.754180876638265600e+16
8.930673366097915200e+16
9.644806588336968000e+16
7.211317827832904000e+16
7.285208915855300800e+16
8.034594184313736000e+16
1.117708614461980800e+17
7.917974679841204800e+16
1.004616766613959680e+17
7.980027123327390400e+16
1.068080207866569440e+17
8.968357476787560000e+16
3.208209478703587200e+16
7.756243032684200000e+16
9.383706195691457600e+16
9.292530888082251200e+16
9.768795036998152000e+16
7.367097454873113600e+16
9.103646079230212800e+16
7.545986699816752000e+16
7.810064083649539200e+16
8.302578854372268800e+16
9.556258313794713600e+16
7.626202710777184000e+16
8.249240234475222400e+16
1.201739063215299200e+17
9.671447101924107200e+16
7.157573021935793600e+16
9.196794161933081600e+16
9.459524529440760000e+16
7.691732564293953600e+16
8.329540168871227200e+16
1.115737878798119360e+17
1.024322101818899200e+17
9.194671195089652800e+16
1.010787953628405920e+17
8.408640223482075200e+16
6.600755366674441600e+16
1.047909905249128160e+17
9.635746031420385600e+16
9.708156739056873600e+16
9.729690414055630400e+16
7.891311798401584000e+16
8.513196108127920000e+16
9.534380913383152000e+16
7.469478845292518400e+16
1.125653332786624480e+17
8.988183245682505600e+16
8.593614547009707200e+16
9.853530653262385600e+16
7.885812392902942400e+16
9.557987903009507200e+16
8.805836005958387200e+16
7.597706982392081600e+16
6.686625329359723200e+16
7.364794944967625600e+16
9.245172249353936000e+16
8.702617200729982400e+16
8.970747357101771200e+16
1.030147778524927520e+17
7.139391655525081600e+16
7.626595958279632000e+16
1.103344447272000640e+17
8.088950090387673600e+16
9.009341817289958400e+16
1.040649241486074880e+17
9.944884438845776000e+16
8.733655034053504000e+16
1.133050672175774560e+17
9.099570251551462400e+16
1.036541859886909760e+17
1.101540177583952480e+17
1.083818931421934240e+17
1.064682856652364160e+17
1.035153367337175840e+17
1.019217826875178240e+17
8.444652075667096000e+16
9.542051431834539200e+16
1.058439548703697280e+17
1.077384402723936960e+17
9.654269845514310400e+16
9.056393460825809600e+16
9.556930250579190400e+16
6.384014583822857600e+16
1.206365831553194080e+17
9.847037702786566400e+16
7.820035607514056000e+16
8.176079028830697600e+16
8.727628082217836800e+16
1.050819860328437760e+17
7.346416187643432000e+16
1.091070123070682400e+17
1.095382392601589600e+17
7.915187226594195200e+16
9.603747376469145600e+16
1.090031338209702720e+17
8.042866738310436800e+16
1.019841870986240480e+17
9.964150482171414400e+16
5.338431208124556000e+16
7.607898177594908800e+16
9.539379327519072000e+16
4.811387540462409600e+16
8.514694513199275200e+16
8.506924770499563200e+16
7.024836903330336800e+16
1.121380248108373440e+17
7.953986258532875200e+16
7.560542570824854400e+16
9.030527230020508800e+16
9.101894800573902400e+16
1.021349829607663840e+17
7.387967112093580800e+16
9.932306695280836800e+16
8.072168131756422400e+16
8.798764491539649600e+16
1.082386511753056000e+17
7.547576210561984000e+16
9.765863468167152000e+16
9.927698505730867200e+16
8.457019418348840000e+16
9.769354853803883200e+16
6.931054502835044800e+16
9.524142349716648000e+16
1.106634281215892160e+17
7.031852744108656800e+16
9.402494328769921600e+16
6.749261903020713600e+16
7.268533504476998400e+16
4.917143288681055200e+16
7.876639551725972800e+16
9.297272566623524800e+16
1.071350055617561760e+17
9.160204260844257600e+16
1.086994963615820640e+17
5.820913461954720800e+16
8.171793257685420800e+16
1.013741440177359680e+17
9.694779747638080000e+16
7.954245437681236800e+16
8.685413879622396800e+16
7.263802089200440000e+16
9.903048859630684800e+16
9.957034268398473600e+16
9.551760944585577600e+16
8.842830829842332800e+16
7.916806248166646400e+16
9.566573772947819200e+16
7.602080093174632000e+16
8.865383330624416000e+16
8.236593308096620800e+16
7.986228102035816000e+16
1.027076276037814880e+17
1.034184534424189760e+17
7.738969076057129600e+16
7.475483417689616000e+16
9.846098893795864000e+16
8.609766689556086400e+16
9.903354213198752000e+16
5.102275618012059200e+16
1.008364995514203040e+17
9.248284496346700800e+16
1.042212715336246880e+17
3.552137689912712400e+16
6.210240145916649600e+16
8.947810185133753600e+16
1.082455123407117120e+17
8.282063295205428800e+16
1.054993471398612800e+17
7.891095807306782400e+16
9.229205354707420800e+16
9.361764972942888000e+16
7.316398263599657600e+16
9.114827094194744000e+16
8.161856654561753600e+16
8.787847249807480000e+16
7.380452895147699200e+16
9.043946449207286400e+16
9.387217538617531200e+16
9.354585335100222400e+16
8.488330388977627200e+16
1.036771137211666880e+17
9.897328878171094400e+16
7.610822447861779200e+16
9.289734846493041600e+16
8.383477803027320000e+16
5.853792483620953600e+16
7.076305334446536000e+16
1.217265348739698560e+17
1.060387169327322880e+17
8.977088229310142400e+16
8.553843947957467200e+16
8.427701906383201600e+16
9.818785660638928000e+16
1.046947674278032160e+17
6.096799931675797600e+16
8.803548729968784000e+16
5.670736110528228000e+16
5.988076373189773600e+16
8.054077029389099200e+16
9.698253913387699200e+16
1.039098413931827680e+17
1.237840103241373920e+17
7.780914853374651200e+16
1.033679323529126720e+17
6.308354056098501600e+16
8.572635070196625600e+16
8.460498122862681600e+16
7.336863588349048000e+16
9.118287444445484800e+16
1.004925533827578560e+17
7.493996727839886400e+16
7.734756072979563200e+16
1.086329149353018240e+17
9.660989023944942400e+16
8.494602499391801600e+16
1.003953481501411840e+17
9.076929187743476800e+16
5.760870870166063200e+16
1.048985430171896960e+17
7.151148968912848800e+16
7.142046763091507200e+16
1.042621930038142080e+17
9.925403213808228800e+16
7.496365623705424000e+16
1.010928160966475520e+17
9.847059613911321600e+16
8.230911245860526400e+16
9.021781425869601600e+16
9.388458656216425600e+16
9.884801832129611200e+16
1.244645215224437440e+17
6.779869054316896800e+16
7.083479969438269600e+16
6.137691802575064000e+16
8.661064950244529600e+16
8.941263750775468800e+16
8.899245480274609600e+16
1.135866054023340320e+17
6.747368294686805600e+16
8.322857725352102400e+16
1.014106575042178880e+17
9.701511887947571200e+16
1.200461820496997280e+17
1.095484768814011200e+17
1.014762721798395840e+17
9.655754081872161600e+16
6.386780607300728000e+16
1.027810960728521760e+17
9.501058610380809600e+16
8.842794465078672000e+16
8.809983660890540800e+16
1.049440803752304320e+17
9.818149073299708800e+16
9.628682288263288000e+16
9.527867083164398400e+16
8.562857891593830400e+16
1.170721010336147680e+17
8.817190388705136000e+16
7.808644460918902400e+16
8.710069216292900800e+16
9.744164038943851200e+16
8.406716090587710400e+16
6.237925315740552800e+16
8.952528634162494400e+16
6.721751069987790400e+16
8.715640849976540800e+16
1.025179656450241440e+17
1.036244148522543840e+17
7.671454461109139200e+16
9.709966133169196800e+16
1.054644951056449760e+17
3.609500655429085600e+16
8.075871872902035200e+16
8.879927359598980800e+16
8.496771852701859200e+16
1.081277503288921920e+17
8.415643221933697600e+16
8.224110161829012800e+16
6.764182178197046400e+16
8.283527739874064000e+16
9.416947137408168000e+16
6.770699463670663200e+16
9.392028966396446400e+16
6.922108263932240800e+16
7.046533246938032800e+16
6.243775971320793600e+16
7.814061072872784000e+16
6.181212413523100000e+16
1.081765036649178720e+17
1.138305422227017600e+17
8.230846314518025600e+16
7.173657217002559200e+16
8.956101018250988800e+16
8.657772670437323200e+16
1.000587878334485120e+17
9.742436730661635200e+16
8.967383236801134400e+16
8.306665357095604800e+16
7.478750810465248000e+16
7.335374012783201600e+16
7.386482386324984000e+16
9.458552842557956800e+16
8.882666502065091200e+16
1.007996926902108320e+17
8.493118690209136000e+16
9.772805000342870400e+16
7.967728767681774400e+16
9.622500917627689600e+16
8.128069629691102400e+16
1.040905650291021920e+17
9.538020634714739200e+16
7.952940592305686400e+16
5.233691112617392800e+16
4.454150396215066400e+16
1.014329209464742880e+17
1.041580084064915200e+17
7.193574882120422400e+16
4.448705303021227200e+16
9.076796810744924800e+16
7.637408649193896000e+16
9.700474968289502400e+16
8.618200818160924800e+16
9.276850760227296000e+16
8.820617205793296000e+16
7.911679696605328000e+16
8.032844389109468800e+16
8.567140381632760000e+16
9.252979773977080000e+16
7.836678519964073600e+16
9.295402565889484800e+16
1.014605529528953120e+17
1.040152471819926240e+17
1.087358292779328640e+17
9.927757648395243200e+16
1.270807408439758400e+17
1.115818978368117760e+17
7.537958244875795200e+16
9.916366120577780800e+16
9.869134612377843200e+16
9.448039391094040000e+16
9.586041686421131200e+16
1.087359361760098240e+17
1.096833006628706240e+17
9.021512055211670400e+16
8.969906136274009600e+16
8.633354869398363200e+16
9.190153780582136000e+16
9.331501071219217600e+16
5.038928086651978400e+16
5.560631472732587200e+16
7.098170045308565600e+16
1.048152840439292480e+17
8.818843603692929600e+16
6.842676730610492000e+16
1.157570442382014720e+17
6.693171566918138400e+16
9.101082807475004800e+16
6.957419183429362400e+16
1.035987295948165440e+17
1.087585039887143520e+17
5.271983343164207200e+16
8.016295965996481600e+16
5.763156916533412000e+16
5.506426564866952800e+16
1.090216811741024960e+17
8.860025072341227200e+16
1.022492451465384480e+17
7.382825410906899200e+16
8.950104346963792000e+16
7.305646774743556800e+16
1.105924245229094880e+17
7.071464129982180800e+16
1.104739811625557440e+17
7.942944144622624000e+16
1.098411721260800960e+17
5.278014921581569600e+16
7.335789000097536000e+16
1.225779584957437280e+17
9.617049695266772800e+16
5.709811999431832000e+16
1.010716216073048800e+17
1.130662303287300160e+17
9.692335528880571200e+16
1.102071026997975520e+17
9.012504367145817600e+16
1.150251242888084160e+17
8.708834098494067200e+16
9.970157527550633600e+16
9.747903622461364800e+16
7.886382868356512000e+16
9.479529508771409600e+16
9.979664593583227200e+16
8.307983987439268800e+16
7.405950166750948800e+16
9.540312074035537600e+16
1.154982902507808000e+17
9.968347858867737600e+16
7.319919604530185600e+16
1.030323716200088320e+17
5.402811025161762400e+16
8.997792280954211200e+16
7.690657309434934400e+16
5.727378331175013600e+16
8.352268093720286400e+16
7.443437985991318400e+16
9.101533716169830400e+16
5.947526974956767200e+16
7.305631185544436800e+16
5.443029787670346400e+16
9.683585849841984000e+16
7.983062483428475200e+16
1.100747451767866720e+17
8.790863158603259200e+16
8.720870399095302400e+16
6.417957358046656000e+16
8.170986759652232000e+16
9.094793012185707200e+16
8.570184527171824000e+16
7.950639175236441600e+16
8.095991137740323200e+16
7.330333684613467200e+16
7.635981228916881600e+16
8.948943617554288000e+16
8.146327384142707200e+16
9.571165261909630400e+16
8.225147586586310400e+16
9.035665321256888000e+16
9.789197366751374400e+16
9.235651531483560000e+16
7.754028970591931200e+16
7.617637795618276800e+16
8.667434254824500800e+16
7.716189908532777600e+16
5.600440441330519200e+16
6.049883063290823200e+16
6.491160111643703200e+16
1.047542945984214560e+17
7.767536411812017600e+16
7.266553830154830400e+16
7.038061910107620000e+16
8.627907815913830400e+16
1.173718616837380800e+17
1.062848069961412800e+17
8.260477149617636800e+16
9.124089520834595200e+16
9.774485857728558400e+16
9.835783852874416000e+16
7.999129820137257600e+16
6.529449081355302400e+16
9.607247078944665600e+16
1.082252459198591360e+17
8.360572089964350400e+16
6.902795442272032000e+16
1.157212071943667840e+17
4.176009853462600000e+16
1.054416762352247840e+17
9.966256217175587200e+16
8.894405282555302400e+16
8.961450832450588800e+16
6.053356283238603200e+16
8.991140846449582400e+16
7.735850971675537600e+16
9.433559406956792000e+16
6.172351078651703200e+16
7.068402280134053600e+16
6.825690413923472000e+16
1.051373447263441280e+17
7.945037160106864000e+16
1.026952365127399680e+17
1.097977492618950880e+17
5.700814450055174400e+16
1.139695067294664480e+17
9.703712029069641600e+16
8.496683849822929600e+16
9.942678256615587200e+16
6.026462596191832000e+16
9.525261673426088000e+16
6.155524679796650400e+16
8.972775908240523200e+16
9.736054045062889600e+16
4.843589817243392000e+16
8.250950700126500800e+16
6.439771647461379200e+16
7.524628857294776000e+16
8.991603222720816000e+16
6.168850677915432000e+16
6.128056584925257600e+16
1.073769430377392640e+17
7.606746716330518400e+16
6.425347362081667200e+16
8.046940874089473600e+16
7.922615979111702400e+16
7.557859170917916800e+16
8.191717695248390400e+16
1.287723008618501280e+17
9.276511062758046400e+16
6.792089943469049600e+16
1.042164495257732160e+17
9.767383331046672000e+16
1.021480667542328000e+17
7.620533852757968000e+16
6.611088040591482400e+16
9.277444253252947200e+16
1.286726629103556960e+17
9.248389822490400000e+16
9.547124134499931200e+16
1.085339794867858400e+17
6.609934523113305600e+16
7.375254728870441600e+16
8.369179074157480000e+16
1.115003488628307040e+17
9.247745707377648000e+16
6.361132407811750400e+16
1.008424376650680320e+17
8.781878534229352000e+16
5.358008585076599200e+16
1.101674267236712800e+17
6.792076320122694400e+16
7.645214251249950400e+16
7.199910570929588800e+16
8.319663647010553600e+16
9.682793897395596800e+16
6.904471213527855200e+16
6.887992533165867200e+16
8.624547372789548800e+16
7.346312204956240000e+16
9.288572799357931200e+16
6.377796098722152800e+16
1.012794868159538720e+17
7.450700481584769600e+16
9.996771852110464000e+16
6.581687811663811200e+16
6.886580275341183200e+16
1.113027506883532960e+17
9.399563182704536000e+16
9.021534483261668800e+16
1.132348463277027360e+17
1.032785428729139360e+17
