6.956897129299929600e+16
8.701991375625396800e+16
6.336866617258467200e+16
5.487802738702993600e+16
6.154025670781224800e+16
7.755549227252280000e+16
6.626113633234188000e+16
7.991638193835499200e+16
6.374398542571619200e+16
6.151035322201778400e+16
5.782108329541544000e+16
7.660238066477900800e+16
7.143693876461634400e+16
6.065440267221304000e+16
6.493708812761306400e+16
5.933705190343670400e+16
7.595210005660478400e+16
7.006302740527525600e+16
7.255511087236708800e+16
6.420429770366035200e+16
7.416228606021233600e+16
6.564263282939852000e+16
8.133997464685707200e+16
7.364218366774723200e+16
7.420340135207064000e+16
6.650618409957068000e+16
7.153516495997450400e+16
8.687156065389928000e+16
7.543624355092505600e+16
3.889749403248660000e+16
4.176876148336812000e+16
5.055966689042008000e+16
4.911468771143993600e+16
4.479682175489236800e+16
4.130876774396599200e+16
4.991687067173801600e+16
4.333125260660776000e+16
5.814003150009856000e+16
4.533650179996278400e+16
6.426289158975032000e+16
3.939467753448999200e+16
4.971009961112440000e+16
4.908261340635095200e+16
5.162652347520016800e+16
5.708623981470846400e+16
5.786096444872588000e+16
3.782804556282674400e+16
5.195608147573333600e+16
5.648720731534616800e+16
4.013519630776590400e+16
4.602933985577001600e+16
5.578478947971922400e+16
4.608032818438928000e+16
3.974396689027489600e+16
5.287037006002504000e+16
5.104244220567716800e+16
6.147440540478498400e+16
5.168048626555016000e+16
3.415992118961495200e+16
6.591674745589507200e+16
6.319371193156888000e+16
5.419214518760070400e+16
4.200121522048023200e+16
5.436994356450654400e+16
7.261696174219208000e+16
6.049678272229440800e+16
5.827494856866129600e+16
5.256644495312680800e+16
5.319616969105400800e+16
6.234314215035024000e+16
4.314103278650193600e+16
4.653186848625724800e+16
4.740573541455301600e+16
5.567971920614798400e+16
6.205190263670117600e+16
7.145366669573219200e+16
5.728695316843176800e+16
4.408526830102824000e+16
7.129531720569052800e+16
6.180631350647396800e+16
6.681824290372224000e+16
5.810343632249276800e+16
6.669380768705868000e+16
6.463510075085792800e+16
6.711090142183276800e+16
5.696666037862507200e+16
7.100648820153370400e+16
4.372882637735312800e+16
7.371639798310177600e+16
7.026015701324844000e+16
7.263692526212195200e+16
5.335672889353852800e+16
5.860531619351207200e+16
7.210056981381089600e+16
5.638558336622822400e+16
6.132681254055914400e+16
6.102449255268668000e+16
8.406047719959235200e+16
6.866185585866935200e+16
7.077185034797512000e+16
5.151870915044460800e+16
6.820358253523138400e+16
5.152927652615406400e+16
5.164810415321327200e+16
5.585953979462494400e+16
3.537733570935217200e+16
5.408759206142888800e+16
7.485539342225566400e+16
6.677635402657322400e+16
4.725055044333696000e+16
7.520140415918238400e+16
7.110029010888081600e+16
6.972694219063615200e+16
5.833406793950692000e+16
7.018242873582779200e+16
5.045307147453112800e+16
6.357554440953937600e+16
4.943414819988040800e+16
7.206575453287014400e+16
7.017857338002059200e+16
5.232927219536658400e+16
2.799004148755790400e+16
8.271226549894792000e+16
5.648385053781090400e+16
6.475958725631982400e+16
6.776492133796165600e+16
7.529389631781217600e+16
8.136199205730332800e+16
7.533057565324780800e+16
7.137330584908216000e+16
7.123244558666230400e+16
5.432903211128503200e+16
5.955868036203457600e+16
7.762762677982187200e+16
5.465717403422738400e+16
7.939419942541886400e+16
6.984577467218372800e+16
5.377657401085125600e+16
3.306560651147033200e+16
4.963590942098754400e+16
5.027512956991334400e+16
6.531101259107117600e+16
1.368643331388857400e+16
5.477500364559758400e+16
7.822387774076113600e+16
4.919407552872052800e+16
8.321875711180976000e+16
7.017591698756134400e+16
7.338238209914065600e+16
4.691774020952315200e+16
6.243388366003073600e+16
7.320678880159516800e+16
7.150525843951371200e+16
3.945226257501977600e+16
6.954505501983420800e+16
6.579927629356296000e+16
7.694695477152488000e+16
5.532931690864671200e+16
6.848097333614175200e+16
6.318380375077395200e+16
7.265835661548811200e+16
6.846921243849155200e+16
7.394009649227921600e+16
7.171163368674169600e+16
8.404188677480832000e+16
7.693701501916683200e+16
9.222655460871715200e+16
7.627705430775062400e+16
5.670848173750868800e+16
7.685576487412409600e+16
6.665151661496545600e+16
5.562311870317324000e+16
7.511371808449120000e+16
7.531752910086728000e+16
7.389723678415012800e+16
8.522709963587900800e+16
8.172972896175825600e+16
8.011203575662142400e+16
5.265549627576194400e+16
6.473917147247858400e+16
6.689264646261978400e+16
6.462153364300931200e+16
7.989463164052236800e+16
7.603670657134428800e+16
7.646024978789259200e+16
4.712829044052973600e+16
6.403181724854415200e+16
6.050275348015286400e+16
6.750162705015641600e+16
4.345874432150863200e+16
7.796872954280611200e+16
7.010515518939658400e+16
4.486940119298365600e+16
8.383951779597272000e+16
5.553198902167516000e+16
7.469826813745107200e+16
6.970163446171532000e+16
5.784433815335288800e+16
5.647191496109082400e+16
6.524489163368456000e+16
7.736144028193329600e+16
5.614024103418995200e+16
5.620361342033946400e+16
6.983940082994871200e+16
7.335849669082643200e+16
6.542594583618209600e+16
5.581951746162443200e+16
6.000443422331483200e+16
8.490174705759590400e+16
8.096559394526904000e+16
6.020844389975720000e+16
7.168020788430325600e+16
7.273010548794017600e+16
7.571168936367152000e+16
7.418820421836648000e+16
4.800795943933701600e+16
6.889269078294201600e+16
6.936824468357580800e+16
6.393001574771704800e+16
6.614524686884307200e+16
6.440411071221135200e+16
5.275051231827742400e+16
7.051948344342787200e+16
6.138580523695523200e+16
7.251946684544771200e+16
6.853184423040384800e+16
4.739712945405017600e+16
7.293231427759148800e+16
6.976377160094622400e+16
5.530718623534356800e+16
6.328546870191126400e+16
8.339947635825172800e+16
4.559147013787888800e+16
4.790072765648980800e+16
7.914099927422232000e+16
4.725198912686826400e+16
7.609889748634182400e+16
8.762145883938960000e+16
8.134036193053118400e+16
6.897236400571744000e+16
7.387171728968064000e+16
7.979107931154297600e+16
7.350144183414736000e+16
7.024883146018243200e+16
7.159563499285275200e+16
3.622713608231018400e+16
4.771872388803804800e+16
7.765134783443572800e+16
7.352606132005971200e+16
7.792306087336292800e+16
5.829570175386753600e+16
4.080235317078728800e+16
7.626588914179046400e+16
5.830950956563532800e+16
6.262305883294963200e+16
7.153911210822539200e+16
6.342808493746344000e+16
4.569185062236729600e+16
5.992589471240007200e+16
7.025070612330804800e+16
6.602279905901492000e+16
7.697130608883004800e+16
7.855888583442342400e+16
7.875879793004115200e+16
7.987586921461748800e+16
4.948818971227422400e+16
7.146725621673953600e+16
7.283620279214716800e+16
4.958331325402907200e+16
6.820214221123377600e+16
5.996191143974936800e+16
4.657547977886869600e+16
7.537455829094388800e+16
6.920988973516059200e+16
7.110043358002424800e+16
4.528472471942287200e+16
8.636123025941100800e+16
8.526059486384724800e+16
5.524175472939856800e+16
4.762554792333196000e+16
6.242954108607607200e+16
4.804176984756275200e+16
7.056187819336645600e+16
7.904359815354552000e+16
6.429832217239644800e+16
8.902762172238566400e+16
6.725832492077890400e+16
9.233679094254452800e+16
6.442628193346451200e+16
5.057127048235024800e+16
6.367279246834948000e+16
7.897676056592214400e+16
6.741259695682678400e+16
5.458307668617166400e+16
7.107835392669140800e+16
6.306819199587549600e+16
6.591998734193705600e+16
6.415099034692818400e+16
7.958403672843646400e+16
6.929577960284336800e+16
7.897254783004353600e+16
5.154419880290716800e+16
6.435339268065651200e+16
5.820630373993702400e+16
7.433394801339160000e+16
7.717540511346873600e+16
8.074786042521326400e+16
7.183932190327906400e+16
7.115855978107721600e+16
5.319192118830256000e+16
7.640296832656739200e+16
7.585810270820836800e+16
7.296017247167955200e+16
5.769595149354626400e+16
7.228493750839113600e+16
7.704248578984779200e+16
6.698359342996784800e+16
8.583434513565025600e+16
6.104632059389537600e+16
8.418766424674008000e+16
5.271869674626470400e+16
6.552681129364992000e+16
8.468395051492816000e+16
7.708777204802412800e+16
7.382935120253892800e+16
7.817809464583233600e+16
7.058480357083152800e+16
7.741088749741620800e+16
6.716106616155474400e+16
7.399618526047878400e+16
7.769365920065540800e+16
7.834937105742160000e+16
5.792605311690512000e+16
4.821878676710338400e+16
6.169075648715312800e+16
7.035494784248284000e+16
5.238062392742904000e+16
3.924887542946288000e+16
5.899383559589572800e+16
4.053307907437960000e+16
6.268873615255106400e+16
8.477366499854110400e+16
7.541719681758137600e+16
8.244024036432876800e+16
6.881691207833728800e+16
7.463342970029158400e+16
5.535449579237987200e+16
7.864026702220209600e+16
7.237617117298332800e+16
8.282308979981169600e+16
7.990121216211585600e+16
6.818825242151792800e+16
7.379869849551297600e+16
8.298002689436865600e+16
8.598197750129092800e+16
6.688601235572635200e+16
7.798631668123531200e+16
8.436207223404646400e+16
8.245665229443577600e+16
5.080954832843276800e+16
7.335668329187246400e+16
7.361514075905232000e+16
7.512242466886448000e+16
6.737519597234943200e+16
4.751025908469296800e+16
5.331689457520177600e+16
8.082336884424241600e+16
4.869800544064741600e+16
5.466042084844238400e+16
7.922327790456222400e+16
5.785769648864064000e+16
8.521694493461643200e+16
7.730187541651960000e+16
4.295952828997820800e+16
7.456147686375025600e+16
6.556589512804544800e+16
7.196812259820984000e+16
7.410626862381435200e+16
6.645548858969592800e+16
8.021524186887297600e+16
5.906967891104600800e+16
7.229824751105251200e+16
5.811084793099999200e+16
7.121783515226596800e+16
5.055049288229634400e+16
5.662175242512379200e+16
8.777872213823358400e+16
6.652373578800839200e+16
8.015071569353478400e+16
8.095318204268875200e+16
5.883075510912535200e+16
7.688966668827569600e+16
6.224628187270408000e+16
5.724986429325336800e+16
7.211471167393827200e+16
7.947684149552280000e+16
8.993314624625374400e+16
5.468586984380785600e+16
4.866167694766870400e+16
6.434987057919161600e+16
6.858476878405977600e+16
7.824786379924452800e+16
7.357422027766758400e+16
6.558825642453424800e+16
6.683994269685711200e+16
6.068431114701495200e+16
7.897697607521467200e+16
8.090011393317353600e+16
7.750385115464547200e+16
8.135294821641593600e+16
8.135311375928232000e+16
6.512748805172109600e+16
7.795424826257659200e+16
6.969868600978781600e+16
8.634182105444620800e+16
7.220696495296684800e+16
7.015639840767461600e+16
7.030567658215868000e+16
6.655478671029963200e+16
7.554991839578200000e+16
4.805930443749262400e+16
6.388738906497648000e+16
7.491660559258576000e+16
7.303652796852486400e+16
6.724573163375232000e+16
7.282844738383219200e+16
6.895800836979312800e+16
7.223975193739308800e+16
4.979689938378408000e+16
5.702995916003425600e+16
6.413205487285322400e+16
8.876663549231316800e+16
6.278062916491152000e+16
7.609521699268328000e+16
6.107387346101174400e+16
8.572930174662936000e+16
6.777418679429020800e+16
2.438299198603128000e+16
6.612075504511320000e+16
7.355018973627896000e+16
7.770260981379075200e+16
8.128005568833144000e+16
5.863883702585992800e+16
7.503935861153508800e+16
6.010487799405736800e+16
6.314396361940176800e+16
6.739987051244864800e+16
7.559323911075267200e+16
6.328432375835434400e+16
6.031895507224768800e+16
9.183530680237516800e+16
7.879143396165960000e+16
5.251487240663015200e+16
7.856194299058364800e+16
7.453525278675188800e+16
6.220440431188799200e+16
6.396433955145140800e+16
8.068890252025404800e+16
8.261700393952521600e+16
7.376180140303009600e+16
7.669310742672361600e+16
7.252582197134516800e+16
5.197222658336280800e+16
8.344268822610272000e+16
7.606285898304057600e+16
7.680809647039849600e+16
7.503820658201067200e+16
6.614922920158733600e+16
7.254586626371740800e+16
7.829371130975656000e+16
5.665558231729760000e+16
8.330406272428524800e+16
7.299484422315444800e+16
6.379304107709117600e+16
8.376031994396968000e+16
5.855380107650492800e+16
7.663745763882708800e+16
6.442973281213171200e+16
5.791269617292825600e+16
5.260769069566955200e+16
5.690387646431016000e+16
7.399659525141299200e+16
6.636454967611156800e+16
7.264395687455179200e+16
8.227870777482235200e+16
5.540043467551914400e+16
6.492022268539826400e+16
8.467992133209694400e+16
7.112033332447692000e+16
7.151430663465208800e+16
8.219633917125446400e+16
7.506873826328678400e+16
7.035982468420340800e+16
8.835413825093872000e+16
7.383249012313524800e+16
8.087933922321612800e+16
8.828382788045051200e+16
8.045160233670920000e+16
8.439879208903859200e+16
8.809502756339952000e+16
7.479300816337190400e+16
6.784713296204751200e+16
6.997045703073632800e+16
7.999974066859532800e+16
8.548498128722371200e+16
8.020243533312270400e+16
7.201083623463628800e+16
7.285857981470368000e+16
5.079841150387788800e+16
8.957460250349582400e+16
7.484581797455844800e+16
6.147151718028306400e+16
6.320154249736768000e+16
7.409195477587115200e+16
8.120998868483028800e+16
5.795510167628859200e+16
8.209020664447881600e+16
8.252752881547414400e+16
6.276391851729092000e+16
7.639291589527249600e+16
8.766199662937214400e+16
6.610775169170149600e+16
7.635341981287896000e+16
8.313436827697782400e+16
4.555069323092137600e+16
5.475605736499145600e+16
7.409605235530369600e+16
4.301062339775592000e+16
6.794445057243798400e+16
5.907890002230216000e+16
4.750884463847988000e+16
7.873193753939312000e+16
6.467208811011594400e+16
6.898694311840478400e+16
6.781012928155198400e+16
7.343703433971636800e+16
8.469030915857803200e+16
5.916012734868541600e+16
7.528227821519470400e+16
6.389322935313920000e+16
6.288242959895226400e+16
8.276128764907385600e+16
5.946731128644481600e+16
8.085815625971176000e+16
7.982428155464299200e+16
6.049397689315917600e+16
7.759636077279171200e+16
5.292587541015322400e+16
7.481444563535123200e+16
8.326259562301441600e+16
5.440304322142388000e+16
7.034265262093355200e+16
5.970744519227625600e+16
6.332149979900774400e+16
3.584815317404845600e+16
5.799043721982608000e+16
7.531594168616977600e+16
8.181558670522288000e+16
6.319889771082044800e+16
8.302196429674819200e+16
4.291244901143076000e+16
6.194486124165411200e+16
7.766277631333259200e+16
7.815081886706662400e+16
6.672744129347002400e+16
7.041335253146303200e+16
5.564969253850787200e+16
7.803053170929860800e+16
7.197619750088540800e+16
7.518947617004953600e+16
6.828340317558488800e+16
6.399330820507197600e+16
6.935971206582495200e+16
6.353990796822852800e+16
7.432802343551984000e+16
5.706799067951549600e+16
6.460255664835978400e+16
8.066225695149425600e+16
7.551627034086555200e+16
5.707946482381496000e+16
6.020355267905384000e+16
7.795747631171283200e+16
6.149578234613655200e+16
7.651375393059364800e+16
4.451942489439387200e+16
7.950935396983283200e+16
7.010141655524604800e+16
8.318904616048588800e+16
1.813936989190831200e+16
4.860499062321904800e+16
7.311309195042526400e+16
7.961419724162960000e+16
5.765413424022830400e+16
7.788446223171043200e+16
6.254195934398991200e+16
7.485398294547156800e+16
7.577664845016102400e+16
5.870117015794032000e+16
7.747209397886939200e+16
6.010592745955582400e+16
7.236074031420139200e+16
5.965728835338543200e+16
7.134455123433239200e+16
6.663790601721990400e+16
7.422402426796257600e+16
6.561135001478248000e+16
7.852980186097308800e+16
7.355944109368761600e+16
6.242398550940257600e+16
6.830003276542140000e+16
6.620514574956976800e+16
4.643078558059772800e+16
5.213870728229833600e+16
9.512356239089137600e+16
8.073109295067265600e+16
7.345719601291113600e+16
6.820375161910881600e+16
6.351210366184372000e+16
7.135763720919608800e+16
8.054391879921294400e+16
4.947081354693998400e+16
7.173083893250460000e+16
3.396865954842361600e+16
4.851993338983500800e+16
6.619336449350944800e+16
7.160581068687985600e+16
8.032849497480438400e+16
9.886948276263764800e+16
6.063393404396455200e+16
7.758313770698040000e+16
4.947641770148571200e+16
6.594082420431863200e+16
6.360204393287047200e+16
5.823465355908838400e+16
7.064708860341802400e+16
7.638071468995264000e+16
6.008906660069908000e+16
6.570044735489738400e+16
8.564222759732796800e+16
7.865496198118612800e+16
5.700495084862388800e+16
7.683762869164121600e+16
7.267252472548244800e+16
4.635920457778553600e+16
8.429964395189312000e+16
5.393168065628751200e+16
4.760785598704365600e+16
8.104270242583443200e+16
7.712307340096550400e+16
5.949798203287529600e+16
6.933011298224529600e+16
7.284903115172784000e+16
5.981348223773912000e+16
7.282442996429408000e+16
7.215848266886464000e+16
7.537185114549216000e+16
8.949170417542488000e+16
4.637618265631603200e+16
5.428996720679463200e+16
4.718374136065314400e+16
6.965188107672348800e+16
6.361829229268270400e+16
6.213456420866953600e+16
8.724235752379169600e+16
5.205975136504750400e+16
6.076518780287704800e+16
8.200898337668897600e+16
7.649229566249334400e+16
8.638128439447505600e+16
7.916401669474662400e+16
8.202861834301600000e+16
7.306711480337937600e+16
4.738625176314845600e+16
7.418954282250950400e+16
7.356831629414318400e+16
6.699241517376386400e+16
6.316992161735503200e+16
8.136723483093033600e+16
7.471509964565630400e+16
7.962413961420881600e+16
7.442848721282280000e+16
6.658959185266346400e+16
9.409689724385185600e+16
6.983120159845028000e+16
5.948854852209372000e+16
6.705376022791182400e+16
7.548293930221563200e+16
6.870955020826966400e+16
4.588594396000749600e+16
7.016653864667447200e+16
4.510739809369382400e+16
6.793480078226888800e+16
8.176392569676523200e+16
7.505712086769323200e+16
5.698050999805220000e+16
7.297578798589012800e+16
8.019574317082195200e+16
2.485423770118926400e+16
6.292248905699632800e+16
6.733458649483983200e+16
6.043942822338296800e+16
8.584983057110945600e+16
6.999496222252843200e+16
6.924061510876864800e+16
6.233679815324410400e+16
6.460889973687546400e+16
7.478889095187076800e+16
5.585110695787772800e+16
7.646871696075878400e+16
5.212611330770181600e+16
5.436173211163719200e+16
4.649180879956000800e+16
6.233903475802268800e+16
5.293503911877824800e+16
8.074019373676384000e+16
8.686268947478502400e+16
6.092881857040304800e+16
4.536255594503294400e+16
7.120891071325333600e+16
6.021206500971868800e+16
8.131510310228094400e+16
7.180964449970507200e+16
6.702769225136580800e+16
6.766857914052004800e+16
5.907634394731461600e+16
5.544443740366901600e+16
5.958887753003440000e+16
7.671233596694628800e+16
6.585256793469728000e+16
7.966522634519203200e+16
6.795787778563422400e+16
7.754676448760356800e+16
7.087107252253592000e+16
7.889358314973491200e+16
6.663582363044518400e+16
8.153566052833590400e+16
6.757951612622410400e+16
6.680991973581155200e+16
4.632689171572392000e+16
3.661302347985927200e+16
7.460708338348625600e+16
8.559581740525353600e+16
5.874660259509317600e+16
3.746924240644088800e+16
6.794630807174355200e+16
6.488027928324149600e+16
8.269648583655236800e+16
6.999970263691365600e+16
7.466757586413665600e+16
6.391662787555638400e+16
6.022471011327264000e+16
6.423845640981706400e+16
6.692659809652781600e+16
7.010586685273308000e+16
6.250939018341855200e+16
7.422281374821732800e+16
7.536990594410851200e+16
7.898837575696078400e+16
7.820408249547430400e+16
8.237273765213792000e+16
9.408583785913368000e+16
9.178205720345396800e+16
5.107638829246080800e+16
7.481288081876524800e+16
8.534210470730316800e+16
7.732847359578972800e+16
7.258447009054921600e+16
8.229425884506363200e+16
8.630848637972486400e+16
6.529018320569597600e+16
6.532175583352321600e+16
6.461937643622940800e+16
6.797127765874012000e+16
7.226959071813638400e+16
3.839376581324061600e+16
4.571998544913863200e+16
5.912008743396528800e+16
8.357750846373737600e+16
6.392717746907848800e+16
5.045449822284658400e+16
8.334281067069315200e+16
4.934582818877084000e+16
7.141541225553060000e+16
5.698754261434284800e+16
8.196325638084140800e+16
8.713866906852763200e+16
4.338838254901983200e+16
6.029552214529871200e+16
4.938203134537727200e+16
4.135982758137391200e+16
8.519736337021833600e+16
7.200585405824272000e+16
7.498003930716392000e+16
6.530981558840417600e+16
7.005553175534716800e+16
5.638404917229689600e+16
8.739909759050800000e+16
4.887658102406340800e+16
8.566126431468555200e+16
5.998421301748555200e+16
8.489512912576724800e+16
4.253745182337853600e+16
6.026025422377489600e+16
8.735865131453844800e+16
7.155560673011744800e+16
4.658681624574820000e+16
7.045105296327484800e+16
7.930987727258548800e+16
6.308431953929443200e+16
7.351910989555732800e+16
7.612952964471068800e+16
8.726959811944275200e+16
6.930616962651314400e+16
7.392139366277076800e+16
7.377492436466627200e+16
5.927810526140532000e+16
5.901787606684056800e+16
8.291648964104772800e+16
6.184169207680473600e+16
5.715151499028160000e+16
7.180494927577438400e+16
8.563450748616294400e+16
8.030985851618230400e+16
5.872228601165848800e+16
6.846351812455954400e+16
4.069471906510947200e+16
7.245297428183867200e+16
6.181938643012643200e+16
4.285197513503395200e+16
6.666942162574416000e+16
5.510985424059620800e+16
7.413477330225147200e+16
5.025999516325785600e+16
5.387801834250987200e+16
3.994343711908759200e+16
7.887383857655920000e+16
5.794113288111236800e+16
8.831375076069164800e+16
5.486379451564720000e+16
6.354919111623000800e+16
4.947676834780616000e+16
6.707159284522438400e+16
7.356816859060406400e+16
6.767799773594040000e+16
6.615346704382886400e+16
5.270400566652114400e+16
5.463780237582123200e+16
6.261841775051192800e+16
6.929272778439353600e+16
6.277462015701870400e+16
7.462927658398667200e+16
6.496167003994068000e+16
6.816745555438525600e+16
7.823630486747878400e+16
7.050330701192252000e+16
6.574222744968800000e+16
5.752926783499867200e+16
7.003677629062080000e+16
6.251307909857785600e+16
4.867611141869408000e+16
5.167603174986163200e+16
4.891596129637670400e+16
8.660944080631585600e+16
5.806980007063993600e+16
5.404380868069082400e+16
5.293811974557622400e+16
6.792830529011156800e+16
8.447733844474457600e+16
7.599774101132185600e+16
6.646892713402676000e+16
7.663205080997172800e+16
7.441281527292158400e+16
7.979837876893620800e+16
5.973866195879656800e+16
5.773824082532316000e+16
7.789567016211492800e+16
8.313961512382108800e+16
6.580774384827585600e+16
4.414252590958286400e+16
7.368430189282811200e+16
3.026783338771328000e+16
8.183995506123488000e+16
7.187514281507800000e+16
7.130793481820480000e+16
5.744687554158663200e+16
4.918233614824900800e+16
7.213035397831086400e+16
6.573032131138532000e+16
7.025364837280516800e+16
4.964489271796841600e+16
5.168298812358703200e+16
5.408338715977086400e+16
7.590459018339561600e+16
6.216097713139774400e+16
8.075279019358524800e+16
8.818349314651177600e+16
3.529854832622763600e+16
8.919991209730553600e+16
7.612089294458993600e+16
6.067396373735564000e+16
7.932463618620171200e+16
4.429552651781749600e+16
6.882958426925516800e+16
4.777987695602580000e+16
6.901732474128771200e+16
8.018332819416620800e+16
3.790351236377468000e+16
6.213269855406430400e+16
5.542678468070693600e+16
6.159134431149317600e+16
7.161720959544304800e+16
4.671051957742788000e+16
3.973756431497122400e+16
7.938412580558080000e+16
6.697916332216423200e+16
4.932177079947518400e+16
5.548004050701025600e+16
4.986147757922058400e+16
5.343997860148880800e+16
7.359513255617118400e+16
9.697994334447105600e+16
7.659964712290924800e+16
5.520226575832373600e+16
7.511790421804398400e+16
7.498159875748302400e+16
8.548571609970062400e+16
6.382053947802722400e+16
4.902317372492410400e+16
7.026701105355552800e+16
8.967625256224444800e+16
7.956109565364532800e+16
7.398736689258939200e+16
7.901938451338800000e+16
5.588937284845235200e+16
5.819694301006589600e+16
6.179327469526467200e+16
8.382876614179100800e+16
7.090070686811015200e+16
5.265143610565507200e+16
6.770707102358523200e+16
7.111258126151250400e+16
4.031086908389227200e+16
8.683363784240892800e+16
4.791676723112118400e+16
6.734121205671524800e+16
5.418594443322612000e+16
6.317972568388940000e+16
6.726244029627416000e+16
5.127362838131955200e+16
4.552239656410225600e+16
5.870838247916752800e+16
5.420456021715408800e+16
6.624566530878089600e+16
4.889458734580508800e+16
7.485410764983593600e+16
6.267378376980908000e+16
7.035401101093601600e+16
3.912730004085022400e+16
5.446125203370586400e+16
8.212946616923686400e+16
6.619895056208777600e+16
6.900980259300958400e+16
8.620359168373123200e+16
8.177407741928577600e+16
