9.872197452501168750e+14
1.511804603274862750e+15
2.822606119527326000e+15
2.290282540268027500e+15
1.321067835318398750e+15
1.123207638152465750e+15
1.264673656682214000e+15
2.525987463560156000e+15
3.110676928618439000e+15
2.918925644328691000e+15
2.667857750434581500e+15
2.715031018165475500e+15
2.259665614778246000e+15
2.149708192955296250e+15
2.475916205442896000e+15
2.104550839302522000e+15
2.739983728358940000e+15
2.206643185318404250e+15
1.953510199653185000e+15
1.742522220143952500e+15
2.918292214076717500e+15
2.332831414925458000e+15
2.751185136666201500e+15
2.383759425994283000e+15
1.339332591498613000e+15
2.182323653504038500e+15
2.157392145394731000e+15
2.528525068983925500e+15
2.237044432359264250e+15
2.456279093457282000e+15
2.683127931541033500e+15
2.335771549980797500e+15
2.411808633667035500e+15
1.310853890060251500e+15
3.560497392841885000e+15
2.189022627869059750e+15
3.165241748789262000e+15
2.944491494549619000e+15
2.820393430134659500e+15
2.496663852442887000e+15
3.497495359770536500e+15
2.988223707159837000e+15
3.186696552110747000e+15
1.577632127178102250e+15
2.403215767532628000e+15
2.040536254756683750e+15
3.483064203073434000e+15
2.881860658631878000e+15
2.337795510362684000e+15
2.239180177772296500e+15
3.059898803562997500e+15
3.438953049198598500e+15
1.888142272906086000e+15
2.459962125717199000e+15
3.014059862124575000e+15
1.070412492451981875e+15
2.666100200239209500e+15
2.349631336065431500e+15
3.387036059143900500e+15
1.985384316495236500e+15
1.896426413804559250e+15
2.287766031189668000e+15
1.704510492798919500e+15
2.262257178706737000e+15
3.004575348834260500e+15
3.259602576843325500e+15
2.492391626891069500e+15
1.970332873122063750e+15
1.803216264931100750e+15
1.567860140295873750e+15
2.484951986074628000e+15
2.418396209779274000e+15
2.671089490418290500e+15
2.320018094397729000e+15
2.607461584611673500e+15
2.888631221518868500e+15
3.252263627576649500e+15
2.719844242292604500e+15
3.032825946639005000e+15
1.174216973266107750e+15
2.796654673381257000e+15
2.461873470685822000e+15
2.450518680353268000e+15
3.240651272521959000e+15
2.590080455145311500e+15
2.415201869968858500e+15
1.193403764122169250e+15
3.754518899591043000e+15
2.539933102973079000e+15
3.470758165595730500e+15
2.564033675295483500e+15
2.782931638068443500e+15
3.857733309719978000e+15
2.281021973023016000e+15
2.082710649745724750e+15
2.859191616417918500e+15
1.316473153901432000e+15
3.367405919179642500e+15
2.741936051673761500e+15
2.578947128189270500e+15
2.048751714730458000e+15
3.677117959470165000e+15
1.104738024498789125e+15
2.392014061181683000e+15
3.021696831392185000e+15
2.133115161126380000e+15
2.496614631514835500e+15
2.564236564212204000e+15
2.790633233234787000e+15
2.574409074965836000e+15
2.471794630585226500e+15
1.531336105094664250e+15
2.229108663020741500e+15
3.144091704596437000e+15
2.488170382700798500e+15
2.315377290204888500e+15
1.919730388830522500e+15
2.255240460117013000e+15
2.622948053264376500e+15
2.002597500385541000e+15
3.106084909329567500e+15
3.053846649942208000e+15
3.172806829990812000e+15
2.952494194375231000e+15
1.604868455372957000e+15
8.692425448463160000e+14
3.248718372984311500e+15
2.329371008396343500e+15
2.398947221347152000e+15
2.165647596667914250e+15
3.027772465620284500e+15
3.471780728259061500e+15
2.891835974851446500e+15
1.693664886638863750e+15
3.245468164969853500e+15
2.226244202246518250e+15
2.515521875428237500e+15
2.979521544050447000e+15
2.816390674791497000e+15
2.382223875171001500e+15
2.751129915157583000e+15
3.180463628784299000e+15
3.091690002012394000e+15
3.284630645100983500e+15
3.570858794105651000e+15
2.745393888754836000e+15
3.441891349855334500e+15
3.212292913408094500e+15
2.327830877361050000e+15
1.389982127895434750e+15
2.610351063005632000e+15
2.936298535218970000e+15
3.257689733585106000e+15
8.585865249033893750e+14
2.097851402992134500e+15
3.237385440538046000e+15
2.765998952231908000e+15
3.026656905793163000e+15
2.475550707863898000e+15
2.698241847504160000e+15
3.029304884223013500e+15
2.123331941105508000e+15
2.306436779840336500e+15
2.979777772361016500e+15
3.642178254478163500e+15
1.349325671613946000e+15
1.225036567108670000e+15
2.214432580385467500e+15
2.521886800840129000e+15
2.854174850798425500e+15
2.701473589847169000e+15
2.912707143884710000e+15
2.499842792009050500e+15
2.355439767784810000e+15
2.244716889820143500e+15
1.833002138393295250e+15
2.257961145825351000e+15
3.048278102323082000e+15
2.489107348723936500e+15
2.960224912441943500e+15
2.005827777106660750e+15
2.531764338092548500e+15
3.020747821569676500e+15
2.615408995315503500e+15
3.064287888463137000e+15
1.014333231274567125e+15
2.970857117615842500e+15
3.165009433101845500e+15
2.623419783391071000e+15
2.995838873262079000e+15
1.993068954360745000e+15
2.441233104000167500e+15
2.572531023985208000e+15
2.896018846033043000e+15
1.490761384234722000e+15
2.643156664263438500e+15
2.427785137286919500e+15
1.975954670297194000e+15
2.304909064805646500e+15
2.830698847189698500e+15
2.902892562033395500e+15
2.262411787349058000e+15
2.498311755968214000e+15
2.502943640758096500e+15
2.937560437845205000e+15
1.875515648844374000e+15
3.780902995376235500e+15
1.911444845187883500e+15
1.789246963207009500e+15
3.193094831216002500e+15
2.343141702411433500e+15
2.965451081800088000e+15
2.423985670734663500e+15
3.345798630798409500e+15
3.193127400581966500e+15
2.961569153072836000e+15
3.793260355525124000e+15
3.153168280514583000e+15
3.515146656035503000e+15
2.802116372305425000e+15
2.154124502124806250e+15
1.911518804412486000e+15
3.749121499145059000e+15
1.836010419695851250e+15
2.448758286697351000e+15
2.517609212484214500e+15
2.310416214775155500e+15
2.288483463539898500e+15
2.208737183448558000e+15
1.219645929280126250e+15
3.178084062532539500e+15
2.846808276607882000e+15
2.712537071883822000e+15
1.439737040556202750e+15
2.377334757482982500e+15
3.380223686031639000e+15
2.413578165498718000e+15
1.843462170878890500e+15
2.293671100907273000e+15
1.008237784511187375e+15
2.611161735227881000e+15
1.416540377437100000e+15
2.595966316594102000e+15
1.231511372140600750e+15
2.543103525514357000e+15
2.002195077079988500e+15
4.095292315869916000e+15
1.859179085723750500e+15
1.985970482292004500e+15
2.684873202453689500e+15
3.085826427051951000e+15
2.501277939260247500e+15
2.732801555279722500e+15
3.258227666156278000e+15
2.406207103522155500e+15
2.504125942918519000e+15
2.823158579456393000e+15
2.980880178493874500e+15
2.622036055708242500e+15
2.364115564322137000e+15
2.959435030315459000e+15
2.164206547271381000e+15
2.908811945899037000e+15
1.863614292216501000e+15
2.759247799028093500e+15
3.313129108411871000e+15
2.562537454999088000e+15
2.801959685443149000e+15
2.106780175210133500e+15
1.303089994644581500e+15
1.732676042404663000e+15
2.624329089839924000e+15
3.016427087299883000e+15
3.208645522785367000e+15
3.595336725337145500e+15
2.802869516341506500e+15
2.124925241133086750e+15
2.730597850992322500e+15
8.144428789775605000e+14
1.752838582939595000e+15
2.352936231861117500e+15
9.072705918765396250e+14
1.888772116128761250e+15
2.748027223887318000e+15
2.038360737675073000e+15
3.000797553197690500e+15
3.027190295499802000e+15
2.780523063335078500e+15
2.634136948089108500e+15
3.287097499227547500e+15
3.227751028956457500e+15
3.678127500944913500e+15
2.506409508638758500e+15
1.486025658224003250e+15
2.487177465874115500e+15
2.797250565195278500e+15
2.875715261439294500e+15
2.106213357398510750e+15
2.528368374597346000e+15
1.965487324437873250e+15
3.319855854715163000e+15
2.878054401017540000e+15
2.787743942072625000e+15
1.974641486639128000e+15
3.274772318868323000e+15
2.109405281457254000e+15
1.633655260827187750e+15
3.066526061059065500e+15
2.750774290758593000e+15
2.907203052369273000e+15
2.126709507039013750e+15
3.335988017085391000e+15
3.068906918090954000e+15
2.871629216471661500e+15
2.414733437375933500e+15
3.022398731978252500e+15
2.392759749158920500e+15
3.599941303856499000e+15
2.331508212235831000e+15
1.882339614813184750e+15
2.810572375357489500e+15
3.197918549906273500e+15
2.432233421433252500e+15
3.391286396576394000e+15
3.216219857464174000e+15
1.861919138459834250e+15
2.725472608559919500e+15
3.396813711618291000e+15
2.222230089748825750e+15
3.082697684357063000e+15
2.806344087355799000e+15
3.599114347325703000e+15
2.265355598278691000e+15
2.304754876863230000e+15
2.652566727713488000e+15
1.566819712048559750e+15
3.498628553296854500e+15
2.540369937175600500e+15
2.870032189152638000e+15
2.889630969195347000e+15
3.213145296388156000e+15
2.686094713544402500e+15
2.635785047566179000e+15
2.427382037237600500e+15
2.713877129685477000e+15
2.337848627802036500e+15
2.852859082451537500e+15
3.056129699061648500e+15
2.637222778271789000e+15
2.776681001173080000e+15
1.770946094941523000e+15
2.910382879893472000e+15
3.821073664077200500e+15
2.312801688080830000e+15
2.236116778497601750e+15
2.976094885387724000e+15
2.465100612860156000e+15
1.322104194825767250e+15
2.185551470764276000e+15
3.269050339568267500e+15
2.301127793874732500e+15
2.117400709549358000e+15
2.993137648800706500e+15
3.435001705181810500e+15
2.731336097031149000e+15
2.667653236510306500e+15
2.938774090362107000e+15
1.901464450971170000e+15
2.731337446656996000e+15
2.012357241218038250e+15
3.447156640775858000e+15
2.328545268306296000e+15
2.858815584400250000e+15
2.843666888219731000e+15
2.407491729534222000e+15
2.761703243329067500e+15
3.528984449163627000e+15
2.449978805449838500e+15
2.755984820915772500e+15
2.931285483585792500e+15
2.946667671897304000e+15
1.725546798490572750e+15
2.247972252094436750e+15
2.767078700412208500e+15
2.505101146374122500e+15
3.595388939882361500e+15
2.234472133203592000e+15
2.550976384758423500e+15
3.017235987037259000e+15
2.817837798685652500e+15
2.058098405525127250e+15
3.236280548189692500e+15
3.244297650975927000e+15
2.306193989235470500e+15
3.084208870766898000e+15
3.261009507758716500e+15
2.841702921744059500e+15
3.307176368533182500e+15
2.403876296180440000e+15
3.391590077418661000e+15
2.254746482117503000e+15
2.502119401565810500e+15
2.623644389201213500e+15
2.765678536014967000e+15
3.182646381690499500e+15
3.667835637984242000e+15
2.782408598100013500e+15
3.133148528099389000e+15
3.563641605965934000e+15
2.982663889185241500e+15
2.318871872768221000e+15
2.722459588829213000e+15
5.179216838444036000e+15
3.603819755238370500e+15
9.996611930662678750e+14
1.934729208186727500e+15
4.388330134757906500e+15
1.324510403796367000e+15
2.937420398995523000e+15
2.449882018300039000e+15
1.027317863020644000e+15
2.653123557733251000e+15
2.957085761952745000e+15
2.318097584963439000e+15
3.423329100029705500e+15
2.696701737772969000e+15
3.647937277861115000e+15
2.580816160745963000e+15
1.452916014500046000e+15
3.299635963917115500e+15
3.416869861034458500e+15
2.236847004795579750e+15
3.238334466256929500e+15
2.680977436838351500e+15
2.412432826204467500e+15
3.067935450973226000e+15
2.516713152098804500e+15
3.628445249929350000e+15
3.086454595251169500e+15
1.134220620857581000e+15
2.312664768854441500e+15
3.121885549250429000e+15
2.415489099446310000e+15
5.996002044526873750e+14
3.115367905040527000e+15
2.361896041691665000e+15
4.177315635760612500e+15
3.112780148482224000e+15
3.461626927600601000e+15
2.154290734531513750e+15
3.178877253263918000e+15
3.063196374192621500e+15
2.724010777940106500e+15
3.351194595569192500e+15
2.098883561704460750e+15
2.477009175036615500e+15
2.866912634859255000e+15
2.466709437222581000e+15
3.280327885869880500e+15
2.866454551973588000e+15
2.247402163480411750e+15
2.348404997044450000e+15
2.476957945478623500e+15
7.813391023299288750e+14
2.509505707765976500e+15
2.153826877787130750e+15
2.845030531066372500e+15
2.742214672358650500e+15
2.437982235648988500e+15
2.485300068288771500e+15
2.356554243703514500e+15
3.020932032255622000e+15
1.417897074420943500e+15
2.733184321403701500e+15
1.292020883280967000e+15
2.720428112859346500e+15
1.989357314170953500e+15
2.873689819082980500e+15
3.098458152726127500e+15
2.842052391543632500e+15
2.466935879968393500e+15
2.199127649176075250e+15
2.611830019272084500e+15
2.632932544827263000e+15
2.748434842333134000e+15
3.720841672649519500e+15
2.855041987151954000e+15
1.655399768413345500e+15
4.586344777088375000e+15
2.918693365321985500e+15
2.345293114266370500e+15
2.209590936878342500e+15
2.672993311795155500e+15
3.780014567312063000e+15
2.607594592828922000e+15
3.022506408145538500e+15
2.387240713808306000e+15
2.699451372454123000e+15
2.306582975781021000e+15
1.913229700687779500e+15
2.026626758820276750e+15
3.145924266669903500e+15
2.677699059482447000e+15
2.693647163196723000e+15
2.793580622962744000e+15
2.651658902436924500e+15
2.261568847171504000e+15
2.499747428464879500e+15
1.642068435314134500e+15
1.974887101454513000e+15
2.446533060888295500e+15
3.369395399938622000e+15
1.982035057835493500e+15
2.305301419388942000e+15
3.052698852079403000e+15
3.139784491880795000e+15
3.009551924683233500e+15
2.376407639733412500e+15
3.467952015028476500e+15
2.046809966296730750e+15
3.764615923941190000e+15
3.463984559719785500e+15
3.311863057899860500e+15
2.841555675923193000e+15
2.532824834975217500e+15
3.153106802182725500e+15
3.012193003032417500e+15
3.079780953150610500e+15
2.547996686465239500e+15
3.631518723835445500e+15
2.561700885190081000e+15
2.076409360930935750e+15
2.271823807628401500e+15
2.067351703214910750e+15
2.378448101601702000e+15
3.268581001001853500e+15
3.336773784335923000e+15
3.064737952586714000e+15
2.782626908720229500e+15
1.702907553420159750e+15
2.721671335612878000e+15
3.065594638566184000e+15
2.434228236755406000e+15
2.590654128242508500e+15
2.586774439864859500e+15
1.952290308521167500e+15
2.236996689402120000e+15
2.782548693313022500e+15
2.307381397152723500e+15
2.861443974855613500e+15
2.514638090108183000e+15
2.923964703824336500e+15
3.396001038393896000e+15
2.947489906085660500e+15
2.697869079974340500e+15
2.658563141855406000e+15
3.182489395385191500e+15
3.236697602156172000e+15
2.337662719126925000e+15
2.888934372305849500e+15
2.928583431684676000e+15
3.629687046825702500e+15
2.385048707217926000e+15
2.486212760412554000e+15
2.538197244315345000e+15
3.314905597416855000e+15
2.497259591570576500e+15
2.045159928015367250e+15
2.931633156362609500e+15
3.502122191898907500e+15
4.036021267083209000e+15
3.386953377849435500e+15
3.409685029476988500e+15
3.001253878210559000e+15
1.607614168029898000e+15
3.109677887778438000e+15
3.356848619878026000e+15
3.051297173619395000e+15
3.177395955189015000e+15
6.480355784081293750e+14
3.084541847842608500e+15
3.995186930861342500e+15
2.822101980489660000e+15
2.132077574254705250e+15
2.979564466820962500e+15
2.296189596175395000e+15
2.865138656809818000e+15
2.072838977882583250e+15
2.385485005896571500e+15
1.180579823077321500e+15
2.152394667548768000e+15
2.823814988283747500e+15
3.283357289626238000e+15
3.637991898298725500e+15
3.183231845963958000e+15
3.631799084529314500e+15
3.133004216791751500e+15
2.899297370441354500e+15
2.420033197798393500e+15
2.787744897639257500e+15
1.951249636122794000e+15
2.608398367221686000e+15
3.870513087367175500e+15
2.348364777583967500e+15
2.258855277626817000e+15
2.189776474813897750e+15
2.323131292535030000e+15
2.260216304300763000e+15
2.226268934420480750e+15
2.377733653529174000e+15
2.273961815930583500e+15
2.347498848189706500e+15
2.551973446900387000e+15
2.497815073804339500e+15
2.500751397777102000e+15
2.086951234101263500e+15
2.754109189561037000e+15
2.316740509667153500e+15
2.330037193040894000e+15
3.054092045441175000e+15
2.096952043344194000e+15
3.412532900786323500e+15
2.916572202369351000e+15
2.386973733606940000e+15
2.384860449924230500e+15
3.087308316244197500e+15
2.853986793357948500e+15
2.952489154826983000e+15
2.727067248146188500e+15
3.173895810895823000e+15
2.707194479663951500e+15
1.920834139641016500e+15
3.036451012347425000e+15
3.263836299676621000e+15
2.954147574267668500e+15
2.518594133192280000e+15
2.607160718931580000e+15
3.285747413255875500e+15
1.831286476484615000e+15
2.539483252033110000e+15
2.415153250706387500e+15
1.587597741840759750e+15
1.862431634098518750e+15
2.098457866775788250e+15
2.108017044125798750e+15
2.852967393833860000e+15
3.228934743647229000e+15
2.876450248200359000e+15
3.232883466241088500e+15
1.907920881373318750e+15
2.782503085202437000e+15
2.965937063007719500e+15
2.317503289931482000e+15
1.673821641407367500e+15
3.514917922788078000e+15
2.229199076956281250e+15
3.083426217651082000e+15
2.094802761073052250e+15
2.305847690232560500e+15
2.650399157799275000e+15
2.577141796721019500e+15
1.921790075660759000e+15
2.998320688561701000e+15
1.976932647020137500e+15
2.245413578452835000e+15
3.269585162041590500e+15
2.762766288453063500e+15
4.116584205123756500e+15
2.331652800169031500e+15
2.479572710172688000e+15
1.128756647951460750e+15
2.452139098240933000e+15
3.577018635635521000e+15
1.729845115100791500e+15
2.460294345703736000e+15
3.060488675837574500e+15
1.769313604217120250e+15
3.038564944648605000e+15
3.106739141609035500e+15
2.493166416744971000e+15
2.914681382639602500e+15
2.410555797458000000e+15
2.982626063828859000e+15
3.042563913985661000e+15
3.015375893845769500e+15
2.072699201929545500e+15
2.685831529639031000e+15
3.468916721630192000e+15
2.981266314984558000e+15
1.011617786795776625e+15
2.526839602171540500e+15
2.997001464714184000e+15
3.357792187119573000e+15
3.207646898833762000e+15
2.748712478531301000e+15
2.675219346592842000e+15
3.997280260539358000e+15
3.713539585928649000e+15
2.611676492529444000e+15
2.593302050447373500e+15
2.936187197800685000e+15
2.493121597104723500e+15
2.727776588342715000e+15
3.550965951967994500e+15
2.592451380389904500e+15
2.562387996458166500e+15
2.325936748440483000e+15
2.456556606950945500e+15
1.143819609437153000e+15
2.955973032774567000e+15
2.353210157483694000e+15
2.516875723595563500e+15
2.344915283794737000e+15
3.612975046410481000e+15
3.296297801651775500e+15
3.120768169296183500e+15
2.680813734309530000e+15
3.371111112135868500e+15
3.052503912527568000e+15
3.215755548339852000e+15
3.311602522468944500e+15
3.399084081466962500e+15
3.286387126669355500e+15
2.823173964402057500e+15
3.267692598907706000e+15
2.326103786828140500e+15
2.868928626566132500e+15
2.279543607300994000e+15
2.665435765710316500e+15
2.920008277839841000e+15
2.213225902014357750e+15
3.334141891303866500e+15
2.562468038418097000e+15
2.598161341480292000e+15
2.400923635086891500e+15
3.137699612064682500e+15
2.892038186623117500e+15
2.926871489322606000e+15
3.672437167783584000e+15
2.341530900100165500e+15
3.569211506480620000e+15
3.030447116461930000e+15
2.715049957309209000e+15
3.318135674379902000e+15
3.027020815580992000e+15
2.501843498246639500e+15
3.601074744134300000e+15
2.735442466780545500e+15
2.079783441035412250e+15
3.305959326145112000e+15
2.599021508386239500e+15
2.187246893512729250e+15
2.745603508086024500e+15
2.874637343878263000e+15
2.399376251374350000e+15
3.054210378907992000e+15
2.380450818210712500e+15
2.256913838225833000e+15
2.917344845699003500e+15
3.205385224371612000e+15
2.605603761551570500e+15
3.079092790263022000e+15
3.557618270074518500e+15
2.703078666598295000e+15
3.292180125354574000e+15
3.725513221269274500e+15
2.836807441439006500e+15
2.048347810637663000e+15
2.742981067523173000e+15
1.897473445352585500e+15
2.992374735676598000e+15
3.408178545607775500e+15
2.928994159680521500e+15
2.680818770086937500e+15
3.147181294615827500e+15
2.012509483078676000e+15
2.988087996432103500e+15
2.755467635065890000e+15
1.884193018241365250e+15
1.701485960483621250e+15
3.372176866993650000e+15
3.104343059230440500e+15
2.249546481944125000e+15
3.264816008749341500e+15
1.727105703356961000e+15
2.859831072490759000e+15
2.263421192280258000e+15
2.350631387025552000e+15
2.767147730191942500e+15
3.245013049967980000e+15
2.905513226217803500e+15
2.497743377396295500e+15
2.385211581643005000e+15
1.709599859527386000e+15
2.413345225097101500e+15
3.004076753505074500e+15
2.892313095692745500e+15
1.881439279467892000e+15
3.135011267653142000e+15
2.821497865058412000e+15
2.639060128655488500e+15
2.468642961553372500e+15
1.976928723629130500e+15
2.708654766956551000e+15
2.533008457245089000e+15
2.674277158944459500e+15
3.428447828530272000e+15
3.242611872199702500e+15
2.375587292211168500e+15
3.512819548833275000e+15
2.580128670709814000e+15
2.599543825944796000e+15
2.777840607294605500e+15
2.981185263061009500e+15
2.658191702244186500e+15
2.452806144446341000e+15
1.846523539945237250e+15
2.267984853912307500e+15
3.022870849454469500e+15
2.028704911895758500e+15
1.885859338194177500e+15
2.263205371821662500e+15
2.518146733560555500e+15
2.495304264982290000e+15
2.268872869556703500e+15
2.310903729809847500e+15
2.955305269165082000e+15
2.675172444917870000e+15
3.034693774104069000e+15
1.115454297532630375e+15
2.510196863624089500e+15
2.390878214566827000e+15
2.617912518092113500e+15
2.826361914080058000e+15
2.481084096463954000e+15
3.014317395328866500e+15
2.913414650741823000e+15
2.589991676139102000e+15
2.545527754311564500e+15
1.035927336710997000e+15
2.043283152437871250e+15
3.260780238393833000e+15
2.507592992689153500e+15
2.304436820709209500e+15
2.609722668222874500e+15
1.655385028618269250e+15
2.475267461280380500e+15
2.384743509801689500e+15
2.334353028708604000e+15
2.406297480458599000e+15
2.537496601468125000e+15
2.186638292744980000e+15
2.577818529388091500e+15
2.939269320086572000e+15
3.362604542100649000e+15
3.299362818590206000e+15
2.197496092932775000e+15
2.834202580894350000e+15
2.826968666313639000e+15
2.239710569990759500e+15
2.938465102903326500e+15
3.532813174404650500e+15
3.909056832805292000e+15
2.254074977177750000e+15
3.187809429567655000e+15
2.892859880602744500e+15
3.072675501263370500e+15
2.886766246218316500e+15
2.338599037215611500e+15
2.533077071797569000e+15
3.060166083498732500e+15
2.496222962664362500e+15
2.635157748895169500e+15
2.098604967092050250e+15
2.591838757182027000e+15
2.198670977816163000e+15
3.097916177031275000e+15
8.892393729358170000e+14
2.909616869735960000e+15
2.866878804106079500e+15
2.768278339718600500e+15
2.861502279370170500e+15
1.843582930617964500e+15
2.519631291381334000e+15
2.589821521382422000e+15
2.863441140010824000e+15
2.745359358665499000e+15
2.232120563387830500e+15
3.216840910243078500e+15
2.349776630910618500e+15
2.952624025225980500e+15
2.748793649647313500e+15
2.957440683322792000e+15
2.961368015513396500e+15
2.632249068774062000e+15
2.613026436637193000e+15
3.361777125630825500e+15
3.095436765192580500e+15
2.987973803067219500e+15
3.456407686970806500e+15
3.264864297212138000e+15
9.342431116493787500e+14
2.669390930902008000e+15
3.191074649689150500e+15
2.730808522373861500e+15
2.468273977709745500e+15
2.680304649896612500e+15
2.965119336239890500e+15
3.302086085526326500e+15
2.534704653862827500e+15
2.877046217924544500e+15
3.259182068226011000e+15
2.545958546090504000e+15
2.798496815280500000e+15
3.407376846492254500e+15
2.816213756908577500e+15
2.658114829889988500e+15
2.226834074747850250e+15
3.651433761415905500e+15
2.277852757587751500e+15
1.696033392318890750e+15
3.504617839384874500e+15
2.583111185208604000e+15
2.758754477822580500e+15
2.886772444840832500e+15
3.060159973923769000e+15
2.719557546307242000e+15
2.290232521672767000e+15
1.962984597195020250e+15
2.500834539610721500e+15
2.747483287202823000e+15
3.025481904962183500e+15
2.377794763514838000e+15
3.305076320164937000e+15
2.484381128296049500e+15
2.301746286078520500e+15
3.406251545084581000e+15
2.429833117126439500e+15
2.945335649364467000e+15
2.563562651761031000e+15
3.817382009048871500e+15
2.279721824398838500e+15
2.867559936292112500e+15
3.143434099748946500e+15
2.271985932339538000e+15
2.058862700367133250e+15
3.685005325720845500e+15
1.795721186105341750e+15
2.643514036645608000e+15
3.028496647657398500e+15
2.800240732518329500e+15
3.111637396653003500e+15
2.763298722104057500e+15
2.923994666742575500e+15
3.221044371789540000e+15
2.808045492653119000e+15
2.283091775347875500e+15
1.090920988866742250e+15
3.159128475311230500e+15
2.438380276310266500e+15
2.613391815231108500e+15
3.197924206820005500e+15
2.733297848275455500e+15
1.071856747580888875e+15
2.148195303633553000e+15
3.499036006849517500e+15
3.323008476552884500e+15
3.145337847554820500e+15
3.606944424702871000e+15
2.674975632407517500e+15
2.832414355226644500e+15
2.533579014102442500e+15
2.270596109862727500e+15
3.709972836194255000e+15
2.792075820144990500e+15
2.324681150403206500e+15
3.205500384361482000e+15
2.787387811216544500e+15
2.386265707841023500e+15
2.689670077996624500e+15
3.772234264477766500e+15
3.222171305575746000e+15
2.161141343828335500e+15
2.481763520512802000e+15
2.434433579381479500e+15
2.242342069292982750e+15
3.250386882005047500e+15
3.397579040057103000e+15
2.755717301259419000e+15
3.154092714781862500e+15
2.618009221026366000e+15
2.754713835790735500e+15
3.542092665487311000e+15
2.819844074951743000e+15
3.010306489873156000e+15
1.494583426936744000e+15
3.270269803116011500e+15
3.307917050466198000e+15
2.486612779989088500e+15
2.678415055071503500e+15
2.777988934368567000e+15
2.957639295368782500e+15
2.151060533681647750e+15
2.781376040623974500e+15
2.064983238226390500e+15
3.960808976367307500e+15
3.974396528017403000e+15
2.317415432458697500e+15
3.018078364578404000e+15
3.562271282932624500e+15
2.434544255762431500e+15
3.022567970303798500e+15
2.184226516885843000e+15
3.039912215886232500e+15
2.696633282254289000e+15
2.697997768781196000e+15
3.010221388458024500e+15
3.308710481988578500e+15
2.679714058609043500e+15
3.282671326382067000e+15
2.984330904848750000e+15
2.613679827236717500e+15
3.173253173807812000e+15
2.854011724944296500e+15
2.695196649951523000e+15
1.761416784314587250e+15
2.685345347786689000e+15
3.343738289096580500e+15
3.161085594264842000e+15
3.387133973758570000e+15
2.804085092986321000e+15
2.705283921616971000e+15
2.361832353208284000e+15
2.318133706970210500e+15
3.221419786583850500e+15
2.672227392664434000e+15
2.547969291182980500e+15
3.119446118652402500e+15
2.476677442530128500e+15
1.147865556170852500e+15
3.127183972267481000e+15
3.065470106265605500e+15
2.377692353545719500e+15
3.053766206651245500e+15
3.201012268822359000e+15
2.469942594500428000e+15
2.817830642209420500e+15
3.182901788558803500e+15
2.856494525062173000e+15
3.094799858746493000e+15
3.065454852504080500e+15
2.613092255944091500e+15
3.351195838186034000e+15
1.616422641065185500e+15
1.924672317345267000e+15
2.733090516114667500e+15
1.811038157922533500e+15
2.388572223249807500e+15
2.560900980538942000e+15
3.468262115891912000e+15
1.919935864854055750e+15
2.200339214149913000e+15
2.901079892700284500e+15
2.979026713006401000e+15
2.294318615930925500e+15
3.063491707680162000e+15
3.329494866297939500e+15
2.664360698924178000e+15
2.876338031993243000e+15
2.950635584657663000e+15
3.515971344749935500e+15
2.872993637175667500e+15
2.617392612918842500e+15
2.819335945706434000e+15
3.844697118166697500e+15
2.815649619222138500e+15
2.843996775938982500e+15
2.704603272853025000e+15
3.371394525626471500e+15
2.963581053599198000e+15
3.141228891019498000e+15
3.673136456109000500e+15
3.949274223434052000e+15
3.131556105404978000e+15
3.152756897762966500e+15
2.402062554570076500e+15
3.551658688433868000e+15
2.340125469421411500e+15
2.553983168541301500e+15
2.815913531232203500e+15
2.423820109022469500e+15
2.982682204735378500e+15
3.544418729014653000e+15
3.012858813859558000e+15
2.269368554438962000e+15
2.900834160151993000e+15
2.764940404004626000e+15
2.681573251775125000e+15
2.810496811550665000e+15
2.222729496093969250e+15
3.462330075482142500e+15
3.125734789195268500e+15
3.272599018717720500e+15
3.174708291119689500e+15
2.102277923135374250e+15
2.971586844731851500e+15
2.957894490133563500e+15
3.769767677485737500e+15
2.834048378432996000e+15
1.642153984205667500e+15
1.779880655775595750e+15
2.825075940581063500e+15
2.775536026761780500e+15
2.995188850125917500e+15
2.821812333862392000e+15
2.895924801965516500e+15
3.248060638571382000e+15
2.886105796209064500e+15
3.371793577728493500e+15
4.177109064288080500e+15
2.831205544940539500e+15
4.075708162447366500e+15
3.051563696911666500e+15
2.940359201049873000e+15
2.949638489423109000e+15
3.150881240716945500e+15
2.508849785355517000e+15
2.961183783593324000e+15
3.171917660247173500e+15
1.294630254839466750e+15
2.916835214577527000e+15
2.912788169263434000e+15
2.975531822054217000e+15
3.453728914852999500e+15
2.698414354037272000e+15
3.090758754180741500e+15
2.002638487650679250e+15
2.462242080568201000e+15
3.305250662852714000e+15
2.204616477606471250e+15
3.342333340913811000e+15
2.849158494532810000e+15
2.538439393840858000e+15
2.924969146072262500e+15
3.268989247566871000e+15
2.857759558504627000e+15
2.800490360905198000e+15
2.527096273470001500e+15
3.157934482634116000e+15
2.784678659293427000e+15
2.983483850401832000e+15
2.969921917859250500e+15
3.265236534785168500e+15
3.277844480493717500e+15
2.745158018747704000e+15
2.974630734332471500e+15
2.692284247539223000e+15
3.234869065427263000e+15
2.657585769854920500e+15
3.329140757499632500e+15
2.873092260011083000e+15
3.454305754216156500e+15
2.288418715116064000e+15
2.377112274335108000e+15
2.352137100677719000e+15
2.616547116237051500e+15
2.624314913671184500e+15
3.027273388217224500e+15
3.313722906383968000e+15
2.883746784268824000e+15
2.853467386546346000e+15
2.802745664093305000e+15
2.287155781375584500e+15
2.273449336644022000e+15
2.628603119649654000e+15
2.664651872454244500e+15
3.134687720017737500e+15
2.486473058708965500e+15
3.001890616416291500e+15
3.380103900875891000e+15
1.831350193851165000e+15
1.804149630667069250e+15
3.005607329509521500e+15
2.911816147277256500e+15
2.484847888326240000e+15
2.359831225924126000e+15
2.342386386646400500e+15
2.921914621078762000e+15
2.494486036754624500e+15
2.707903656449618000e+15
3.281387517323281500e+15
2.381560641479668000e+15
2.530462473301940500e+15
2.757252863811582000e+15
1.918267632690265250e+15
2.834251992930882000e+15
2.867437079223692500e+15
2.511928878098670000e+15
3.214192899384884500e+15
1.996809747645114500e+15
3.539699353845384500e+15
4.370560472309117500e+15
4.296831152373379000e+15
3.247653933599877000e+15
3.213048854261341000e+15
2.392808432176502500e+15
2.931682752859777500e+15
3.461142945251246000e+15
2.659908436117966500e+15
3.078589656463795000e+15
3.673889977409752000e+15
2.390895595521839500e+15
2.959597452401769000e+15
2.471235689537306500e+15
1.855121482278083500e+15
3.426969989029058500e+15
2.603649654097743000e+15
2.752240395250600000e+15
2.654348752846168000e+15
2.122453970257886750e+15
2.680530143168656500e+15
3.542946756634629500e+15
2.324886219451976000e+15
2.253398554801482000e+15
3.147209533277301000e+15
3.003580336332946500e+15
3.287238777398694500e+15
2.504521365749030000e+15
3.105145876470959500e+15
3.030248592634820000e+15
1.445744709163011000e+15
2.928934864891682000e+15
2.883893037982361000e+15
1.645493225548600250e+15
3.205612676429904500e+15
4.108601720881941000e+15
3.596243861604819000e+15
2.625355355937478000e+15
2.205375034856481250e+15
3.293907928910591000e+15
3.519275430373696000e+15
2.388961419719805000e+15
2.270777388407677000e+15
2.760937020163576500e+15
2.962301272415571000e+15
2.495254848066992000e+15
2.699386729464746000e+15
2.507163449660240000e+15
3.290458924883122500e+15
2.716428391850599000e+15
2.808699681539862500e+15
2.593393533183118000e+15
3.110737996774356000e+15
2.737813291191259000e+15
2.753976264538245500e+15
1.334331710034375500e+15
3.367041877487845500e+15
2.841174450287952500e+15
3.732698385707448500e+15
2.611640240101239000e+15
3.525198036617260500e+15
2.197933129235235000e+15
2.141562793263987250e+15
3.754334451700173000e+15
2.598477132674914000e+15
2.920195070109160000e+15
3.860046411966410000e+15
3.372421424741880500e+15
2.775129718375407000e+15
2.416650910838217500e+15
2.140778619181536750e+15
2.440719077233378500e+15
2.338988475122605500e+15
3.000134436042301500e+15
3.133942811482983000e+15
2.617755204755431500e+15
2.752162628401891000e+15
3.025285780978274500e+15
3.212093901140156000e+15
2.766213287609236500e+15
2.314843079633944000e+15
2.572113271895813000e+15
2.538047560128578000e+15
2.242942357061421000e+15
2.580586494233619000e+15
2.649196697938040500e+15
3.243115342575209500e+15
2.722665049614380000e+15
3.260800410804884000e+15
3.939215687952061500e+15
2.332991565273641000e+15
3.031691922332533500e+15
3.068440324256083500e+15
2.713488973123289500e+15
3.347818216306152000e+15
2.953452841168965500e+15
3.245550341651689500e+15
3.652975372454761000e+15
2.593670791575484000e+15
3.213265657787035000e+15
2.723541187119302000e+15
3.651961079437616500e+15
2.217344255785176750e+15
2.173247343265822500e+15
2.148080424211801500e+15
1.717104570837411250e+15
2.530449138061362000e+15
1.462574148982522000e+15
1.111283226244180375e+15
2.245155379090441000e+15
2.743253286403230500e+15
2.349532607701778000e+15
2.107987615265269000e+15
2.791520489532378000e+15
2.469603452491215500e+15
2.351359571040458000e+15
9.388992797916820000e+14
2.624583325173512500e+15
2.085947671516690750e+15
2.968969009429547500e+15
2.204087492789744000e+15
2.358379519496046000e+15
1.403447408316072250e+15
3.785024798166828500e+15
2.384016806226536000e+15
2.171035417846380500e+15
1.508066947115513000e+15
3.514932781092082500e+15
1.304281898433024250e+15
2.562657752942118000e+15
2.426974075903543500e+15
1.656902958036561250e+15
6.213855054993506250e+14
1.915874127773644750e+15
2.823908780381945000e+15
2.542134117554117500e+15
2.488141872756972500e+15
2.837526040014750500e+15
2.817388863919810500e+15
2.529403998577413500e+15
2.563399129069443500e+15
2.174797008865318000e+15
1.703199454587671750e+15
1.964893747019757750e+15
2.744511442692596000e+15
2.537050048557009000e+15
2.316179272704208000e+15
2.748257772118457500e+15
3.156385148054452000e+15
1.622947242506123250e+15
2.918653892016816500e+15
3.265491873073977000e+15
2.688548214618396500e+15
3.179087396901112500e+15
2.258021504782089500e+15
1.396027940050866000e+15
2.748907872088441500e+15
2.183261798243285500e+15
2.098439165264070000e+15
3.164093357177765500e+15
2.693565054796083500e+15
1.282451787577688750e+15
2.340867405785421500e+15
3.452527359996714000e+15
3.057487029138512000e+15
3.008566954717655500e+15
1.153358709681030500e+15
2.354879563286552000e+15
3.436564254889932500e+15
2.707496908488522500e+15
1.169410914951118500e+15
1.467733506300030000e+15
2.615463770108121000e+15
1.707214597097414000e+15
3.433567789239737000e+15
4.222169777785891000e+15
2.971791933789441500e+15
3.082823177241185500e+15
2.416894796872093500e+15
1.667562279949494500e+15
2.719200914133035500e+15
3.044930705535666500e+15
2.838268680495552000e+15
2.694065463680083500e+15
3.065816013534052500e+15
2.490222068288734500e+15
2.533134040873582000e+15
2.337937608404742500e+15
2.325302314764575500e+15
2.340603447103211500e+15
1.821957259064050000e+15
2.662474169406851000e+15
2.236632472672306750e+15
1.948689585201688500e+15
2.762347827060619500e+15
1.607486338016091250e+15
2.948159885003194000e+15
2.490971353156767500e+15
2.092442736220593250e+15
1.842173190739280500e+15
3.044547410818482500e+15
3.029535217976554000e+15
2.429679508068832000e+15
2.652781899631898500e+15
1.969550641043965250e+15
2.760354827775555000e+15
2.387515385188661000e+15
1.729913058294569500e+15
2.091451637480913750e+15
3.107954580464186500e+15
2.587870554588733500e+15
3.057663270674898000e+15
2.784515212422653500e+15
2.583830839032019500e+15
2.457141554523496500e+15
2.786951256598219500e+15
2.191140397083006000e+15
3.742388359017260500e+15
2.475205017188479500e+15
3.109011072245715000e+15
2.406542072258150000e+15
2.864622566426874500e+15
2.047170832549386250e+15
2.446205045914544500e+15
2.278853467537295500e+15
2.312525639344044000e+15
1.627306028124108500e+15
2.399274968524540000e+15
3.217361722919989000e+15
1.767551275065791500e+15
2.687279538384868500e+15
1.404719970737405250e+15
3.160783199256770000e+15
2.373222168820956500e+15
2.676980913201908000e+15
2.065858915163035250e+15
2.926372452411055500e+15
2.091448921042836500e+15
2.551526854495429000e+15
1.442361095737461500e+15
1.613714410968796250e+15
2.695860445767223500e+15
2.450050955731782000e+15
1.820482988483447500e+15
3.091661380104942000e+15
1.595251153963793750e+15
1.722308171548798750e+15
1.456754152552357500e+15
1.839237707745493250e+15
2.175181492560202750e+15
1.776458391049403250e+15
2.159284979484282250e+15
2.348026297337554000e+15
1.867457695335374500e+15
3.644033586304388000e+15
2.401935916853369500e+15
2.244210617541059250e+15
1.804896902995118500e+15
2.774130358588502500e+15
1.372300190075779000e+15
2.604030910688792500e+15
2.779080036191096000e+15
2.507951136100678500e+15
1.763675692029868000e+15
2.410543982961776000e+15
1.993933651196259250e+15
3.033749089343711000e+15
2.654771651062167500e+15
1.417716125239521500e+15
1.725385566416983250e+15
2.589190781396524000e+15
3.138035390021231500e+15
2.960068274755559000e+15
2.295735271794241500e+15
2.242883795280562250e+15
2.179564655740298250e+15
2.833638706925003000e+15
1.975389512619607000e+15
2.766285090433096000e+15
1.303293522716463750e+15
3.154716239278525500e+15
3.912303491025460000e+15
2.894934687278508500e+15
2.511659101542038000e+15
1.492290086795187500e+15
3.089787438219091000e+15
2.946703511849458000e+15
2.466468653318923500e+15
2.900561670544867000e+15
2.166292471010674000e+15
2.566982656273684500e+15
2.514256181109989500e+15
2.113954853691950500e+15
3.237392815359191000e+15
2.846655989614495000e+15
3.060604159536552000e+15
1.407028269896647750e+15
2.517421338451586500e+15
1.534818465843025250e+15
2.609431178463344500e+15
3.024579611911017500e+15
2.849228797675280500e+15
2.750842064057457500e+15
1.265104171769621500e+15
1.016554123893265375e+15
1.097914076611200125e+15
1.512365532719991750e+15
1.351320789867585750e+15
1.771223733801522500e+15
2.584031261759930500e+15
2.846045200220303000e+15
1.920389331956054750e+15
2.934993853740583500e+15
2.612056010746258000e+15
2.349183433723146000e+15
3.483059445495621500e+15
2.565270360309117500e+15
2.749440659532337000e+15
2.824996686990298500e+15
2.471370649886128000e+15
2.053978514286155750e+15
3.346835971683394000e+15
1.662055549065484250e+15
3.176394283040518000e+15
3.585689809232255500e+15
2.848037632279676000e+15
3.433994475499074500e+15
2.413127824341762500e+15
2.784018300952026000e+15
3.187334464462093000e+15
3.179156583527135500e+15
2.314726439681699500e+15
2.913702860542120500e+15
3.590483149197844000e+15
3.429917037197415000e+15
2.386234753396613500e+15
2.365328817238469000e+15
2.328777183945571000e+15
3.234725698903290000e+15
3.392759688748655500e+15
2.373991016340293500e+15
3.058674397399632000e+15
2.000122436715870750e+15
2.196444313997793500e+15
1.663924297104739500e+15
2.595672665407356500e+15
3.135274194135178500e+15
2.348873906670440500e+15
2.803877406709321500e+15
3.127310533262820500e+15
2.457036501132150000e+15
3.165953626999701500e+15
1.509471532428447500e+15
2.852075916961493000e+15
1.792866087650864750e+15
3.138206037701425000e+15
2.600803273753085500e+15
2.811140631521918000e+15
2.722935657624875500e+15
4.776757377406528000e+15
1.699647400659664500e+15
2.747098616333694000e+15
8.012745746275978750e+14
2.902050003687851000e+15
1.450519534931389500e+15
2.034467109218706500e+15
2.486560971572259500e+15
3.192658083163386500e+15
2.637649169286815000e+15
2.323498294993582500e+15
2.104178576507639000e+15
2.882768665935884000e+15
2.487480872298967500e+15
2.561903718331285500e+15
3.168367551130785500e+15
3.055843726282862500e+15
2.706399133074611500e+15
2.520323528143186000e+15
2.423570681983483500e+15
2.194615179106935000e+15
3.382084159172230000e+15
1.225287528376877750e+15
2.359070452137475000e+15
2.514102102258214500e+15
3.824476729561924000e+15
2.530699392030073500e+15
1.740558382740477000e+15
2.541218972459438500e+15
2.567475344783924500e+15
3.175971797287338500e+15
2.942267890985574500e+15
2.524068333290372500e+15
3.548879328446848000e+15
2.375731900322339500e+15
3.057220837531007500e+15
2.411641349469863000e+15
2.981081000849661000e+15
2.744040391758096500e+15
1.191313989343305250e+15
2.545096679024002000e+15
2.281466362468324000e+15
2.660884368037873000e+15
1.897806134082875500e+15
3.419097135883366500e+15
1.318007830938512500e+15
1.428027846282724000e+15
2.351718318979450500e+15
2.427699876775965000e+15
2.000372018293066500e+15
2.123989513525899750e+15
3.592966084922524000e+15
2.495605461085494500e+15
3.376806659976271500e+15
2.269884863142379000e+15
2.150853615741621750e+15
2.666846894763439000e+15
2.708670618904198500e+15
3.967695827503037000e+15
2.414650091075587500e+15
3.647025763898587500e+15
3.042624828808713000e+15
2.808724708091292000e+15
2.593319955852651000e+15
2.841102410066346000e+15
3.411470486685666000e+15
2.662500547037676000e+15
2.347495552831229500e+15
2.942628688647227000e+15
3.100873592802696500e+15
2.507444257837210000e+15
3.048771152862004000e+15
3.004393763143994000e+15
3.488720208681403000e+15
3.224023576936730500e+15
3.489670263160071000e+15
1.279041672929466250e+15
3.450276162114961500e+15
2.299714279779397000e+15
2.375725533819022500e+15
2.581354421954223000e+15
2.670771406209787000e+15
2.852724085550436000e+15
2.193411831112747250e+15
2.146852877263338500e+15
2.974688859320805000e+15
2.514435842709434500e+15
2.384505514172280000e+15
1.930313640471325500e+15
2.248941131311969500e+15
2.364955017324448500e+15
1.550821216714167000e+15
2.223684180663636500e+15
3.045488327054453500e+15
2.229704753842899750e+15
2.340309902348668500e+15
2.540311329747481500e+15
3.001327573591260000e+15
3.167244406868627000e+15
1.147345773204721500e+15
2.889393851406816000e+15
3.111169458848250000e+15
1.705921862023298000e+15
3.599385215300171000e+15
1.935667363970150250e+15
2.773915860625094000e+15
2.880075959784980500e+15
2.710517514270677000e+15
2.932418457066494500e+15
3.273310682143895500e+15
3.063874380910046000e+15
2.838172028893896000e+15
3.166653908433798500e+15
1.367018299492364500e+15
2.557647743900125000e+15
3.547927602889116500e+15
3.068456596096132000e+15
2.436087731702358000e+15
2.501287202033030500e+15
1.480198335041348500e+15
8.168598364181987500e+14
2.643523520104138000e+15
1.256386518138382000e+15
1.873040967347938750e+15
1.948576957843060750e+15
2.510741081402146500e+15
2.593675512990523000e+15
2.623052033889746000e+15
2.845589087875711500e+15
2.499648004011597500e+15
2.644956234787142500e+15
2.139024313092042500e+15
2.208732182598839250e+15
2.736955218217805000e+15
3.848259494091851500e+15
2.277089769276895500e+15
2.938390716806915500e+15
2.659932551550229500e+15
3.215469054779296000e+15
2.192652904461637000e+15
2.239236393274259500e+15
2.421296804747300000e+15
2.508192780818510000e+15
1.872941152635107250e+15
2.556833453180452500e+15
3.271270139456151500e+15
2.062413711620626750e+15
4.115431669308994000e+15
2.329200106499271000e+15
3.245300527467776500e+15
2.610421875800239000e+15
2.464943779543173500e+15
2.737067224491310500e+15
4.011098472606248500e+15
2.834027075778277500e+15
2.443032386060669000e+15
2.941585046468801500e+15
2.737909060001122000e+15
1.705387775209703500e+15
3.219094353162885500e+15
2.472779254325736000e+15
1.810456349032218750e+15
2.275952553892510500e+15
2.317286974699075000e+15
2.913195290623954500e+15
2.995489879084978000e+15
2.172866255905730500e+15
2.292410241565437500e+15
2.473990853600786500e+15
3.136982491296416000e+15
3.182591374816753500e+15
1.689869030910463250e+15
1.985183458890633250e+15
1.921342735707307250e+15
3.023830070538611000e+15
1.977785425147658000e+15
3.005335573365613500e+15
3.625299791497846500e+15
1.994420875424367250e+15
3.525344183242192000e+15
2.313354886849249000e+15
2.375989926637649500e+15
2.027701476760405750e+15
2.982380545059881000e+15
2.214431108728440500e+15
2.702687042266274000e+15
2.449501051349590000e+15
3.200316506431311000e+15
2.418605013930005000e+15
2.191125594281268750e+15
3.079307651602363500e+15
2.531190378335932000e+15
2.227206814930025500e+15
3.911139848713784500e+15
2.905105869576075000e+15
2.921054189644298500e+15
3.412272562676532500e+15
2.682019110232521000e+15
2.911065941567604000e+15
2.473249351537547500e+15
2.271838113039120500e+15
2.542078407282780000e+15
3.042207795374073000e+15
2.749684614494155000e+15
1.797876367099846250e+15
2.708806728426003000e+15
2.133540228554992500e+15
3.256712188834821000e+15
2.143891008071032500e+15
2.694593115032095500e+15
3.567550147122062500e+15
2.998236775814694500e+15
3.217374033081001500e+15
2.157279416109396000e+15
1.549005705661730000e+15
1.369509296676207000e+15
1.864283994297055500e+15
1.072506979117223625e+15
3.364390397570580000e+15
1.825236083186238500e+15
2.504528178647835000e+15
2.980499308710260000e+15
2.058660239837029750e+15
3.221616972064557000e+15
3.091590404527980000e+15
2.659664693726071500e+15
3.209131599845658000e+15
2.770748785125151500e+15
2.512099491866643500e+15
3.086972733964380000e+15
3.305593928833415000e+15
2.665375077579866000e+15
3.201297268678491000e+15
2.697132644839990500e+15
2.219787762738257250e+15
3.042363166298739000e+15
1.049282807860246000e+15
1.517264443349185250e+15
2.214359278443297500e+15
2.470077890406536000e+15
1.132229319571255250e+15
2.567250109309458500e+15
2.552977690683001500e+15
2.665287426940041000e+15
1.992155531833200500e+15
2.789928635607994500e+15
2.687452350589441500e+15
2.622224852152409000e+15
3.965533256750370000e+15
2.788943025452287000e+15
2.621529917308203000e+15
2.705944795904734000e+15
3.511911828965346000e+15
3.649665537641565500e+15
2.943783987031271500e+15
3.404318995397067000e+15
2.497811737580201500e+15
1.563464043701835750e+15
2.484713632632371500e+15
1.996445627521333500e+15
2.621275446263461000e+15
3.510250277223943000e+15
3.053264767199143000e+15
2.805710097294762000e+15
2.869145732753054000e+15
3.011005846968384000e+15
2.734375622650619000e+15
3.806765321761028500e+15
2.951534636633058000e+15
1.978588870016702000e+15
3.800405546628062000e+15
2.870029569414749500e+15
3.135442465195704000e+15
1.770401874327016500e+15
3.397098477970486000e+15
2.456242864203960000e+15
3.281973893080060500e+15
2.740170783413270500e+15
2.642936968561663000e+15
2.669186692293576500e+15
1.931227580555907000e+15
2.849615126679165500e+15
1.879554459434152750e+15
2.788391319370069000e+15
1.512422286419210500e+15
1.795245788079371750e+15
2.707870544945886000e+15
3.405317989143423000e+15
1.964994058362391250e+15
1.344954986721754500e+15
2.805021008257461000e+15
3.290778625992333500e+15
2.648191766714176000e+15
2.269105843294260500e+15
3.217979302540473000e+15
2.577579216632710000e+15
3.073470783245119000e+15
3.280787726399476000e+15
3.004307547007276000e+15
2.678901506447675000e+15
4.034227022829963000e+15
3.632869694504624000e+15
2.938066472351150000e+15
2.559714081702084000e+15
2.953037409055436500e+15
2.853730924516021000e+15
3.207442628859769000e+15
2.557347344921756000e+15
3.033879840231083000e+15
3.398230091751922500e+15
3.478965924549571500e+15
2.590707776017298500e+15
2.566683122955739000e+15
2.768477466518213000e+15
3.655969123738459500e+15
2.991009398006836000e+15
3.246801873251859500e+15
3.487541043093790000e+15
2.697200774663176500e+15
2.046067838595664500e+15
3.399060782724586500e+15
2.032873397477452750e+15
2.824267941772107000e+15
3.167024983100034500e+15
3.450609773100324500e+15
3.047980760331479000e+15
3.120150548246837000e+15
3.193188820994410500e+15
2.729857086750268500e+15
3.085197446749688000e+15
2.965272705668112500e+15
2.419461883692820500e+15
2.982697735083913000e+15
2.943775153245821000e+15
2.799928833125870500e+15
2.764056522334157500e+15
2.454391081498285500e+15
3.080952137086085000e+15
2.484149756302849500e+15
2.684138190135737000e+15
2.677049550360179500e+15
3.003053588392190000e+15
3.435338997498950000e+15
2.680030600418865500e+15
3.800173383248736000e+15
2.861152597933019500e+15
3.105845670738620500e+15
3.174207700991637000e+15
3.068350873347002500e+15
2.368947682454437500e+15
1.563165533596985250e+15
2.812700441815528000e+15
3.002198767365480000e+15
1.291763561373280000e+15
2.796474629506977500e+15
3.409913504623409000e+15
2.838112561052396500e+15
3.083541924641753000e+15
2.943281954018515000e+15
3.883012122551481000e+15
3.212248905413644500e+15
3.365866651913603000e+15
1.514392433125167750e+15
3.107678047620973000e+15
2.874479972405251000e+15
2.289583662373998500e+15
3.154861810603775000e+15
3.508179024882622000e+15
2.887733981565244500e+15
2.977183152643600000e+15
2.826948521235575000e+15
2.496207228514231000e+15
2.584313035497359500e+15
2.149421867508061500e+15
3.841179450830002000e+15
2.841284559652462000e+15
2.957333773537739500e+15
2.847702544983590500e+15
2.273397388416208000e+15
2.899146163266305500e+15
2.859913566739885000e+15
3.979133782803708000e+15
3.418682547576187500e+15
2.292465178364694500e+15
2.800704723138022500e+15
2.014001705042493250e+15
3.606785433272498500e+15
2.246621412924953000e+15
2.411467504777268000e+15
2.436084390466558500e+15
3.083463856453720500e+15
3.459215938408064000e+15
2.233816470911819000e+15
3.122255956833310500e+15
2.047827205565309000e+15
3.418514639013062500e+15
3.105791792874456000e+15
2.662362867080152500e+15
1.979043306103187500e+15
1.762630544583201750e+15
2.186801132684833250e+15
2.598319395279946000e+15
2.546017034407519500e+15
3.212095840123090500e+15
2.226174658660577250e+15
3.514996698288055500e+15
3.179283618558588500e+15
3.021359289846219500e+15
2.820691783615170500e+15
3.665112203897366000e+15
2.720755309398949000e+15
1.914763145679165750e+15
3.014649325880174000e+15
1.813931124465284000e+15
2.850405975928442000e+15
3.023274367107745500e+15
2.949644812257218000e+15
7.956432137964741250e+14
2.952999571666655000e+15
1.722851511321827250e+15
2.242841803974747750e+15
2.403886343795502000e+15
2.924604414796805500e+15
3.444533852530237000e+15
2.006745433577344500e+15
2.257656722089052000e+15
2.869008311471824500e+15
2.736405517586466500e+15
1.992499658320537750e+15
2.465217079195487500e+15
2.643632450424296000e+15
2.417718675075356000e+15
2.235073422733910250e+15
3.259305991200667500e+15
3.261993646378707500e+15
1.751184218172375250e+15
1.796381751732649250e+15
3.145156295795770000e+15
3.095485772560411500e+15
2.383179746450464500e+15
3.149935430008525000e+15
2.199127048093652000e+15
2.460177665105226000e+15
2.479015759724137500e+15
2.956339246214313000e+15
3.354641285455967000e+15
3.683135366556583000e+15
2.215890656142782750e+15
2.155150925814918750e+15
9.181493144757653750e+14
3.151723410176402000e+15
2.562013285908249000e+15
2.213870782941840250e+15
2.585249607551664500e+15
3.178509097874199000e+15
2.753878441131175000e+15
3.572174132641281000e+15
2.824343730212291500e+15
2.512124386790635500e+15
3.599021956800042000e+15
2.702083748198738500e+15
2.816171942857543500e+15
2.497580652477108000e+15
1.585720986727244500e+15
2.876325744509546000e+15
3.044273381347937000e+15
3.008911253340181500e+15
2.519280898503190500e+15
2.342676899021913500e+15
2.565267106330145500e+15
3.175956372566789000e+15
2.710374200614341500e+15
3.140549660154143500e+15
2.511449532368186000e+15
3.156047750366553000e+15
2.514236532995000000e+15
1.592347747458220250e+15
3.050544582992786500e+15
2.327520615494198000e+15
2.905416892881620500e+15
2.309745587063451000e+15
2.966649886678040500e+15
2.668268396718042000e+15
2.865164431235351500e+15
2.515317445985944000e+15
2.932663124172684000e+15
2.793068281623075000e+15
2.229751769136179000e+15
2.683049642988925000e+15
1.175968713888927750e+15
3.825583960009094000e+15
3.096211076821325000e+15
2.768478029521704500e+15
2.504585626468500500e+15
3.056149237720640500e+15
3.010643585659606000e+15
2.679036747314005500e+15
3.046838294598723500e+15
3.365603514650692000e+15
2.643431474062782000e+15
2.419630842263066000e+15
3.103455675324365000e+15
1.140135482940530750e+15
3.894604302530869500e+15
2.939663738655150000e+15
2.633697182549817500e+15
3.011594251452767500e+15
2.926617043037287000e+15
3.366824118366625500e+15
2.917790956210886500e+15
2.950503609485599000e+15
2.659826910577123500e+15
3.374618814677247500e+15
3.019046003517503000e+15
3.203676391389027500e+15
1.925983233797115500e+15
3.274932694920695000e+15
3.925107391281274000e+15
2.858415860430092000e+15
2.843693331614669000e+15
3.028273035332752000e+15
2.171278145988656250e+15
2.850304358545037500e+15
2.533373156625791500e+15
2.446798445373115000e+15
3.191923202155507000e+15
2.743477757690784000e+15
3.218048433009711000e+15
3.061325627286883000e+15
3.125743145720095000e+15
3.106073735668964000e+15
2.558265849989017000e+15
2.703950935910455500e+15
2.776833973731880000e+15
