1.570901955981839250e+15
1.990221927612375750e+15
4.565087840156294000e+15
3.105993247132658000e+15
2.062528679386737750e+15
2.098258810764658500e+15
1.862987286762547000e+15
3.359402186563566500e+15
4.123076892099279000e+15
3.961943189491717500e+15
3.195099976952768000e+15
3.720207331082633500e+15
3.030138768850143500e+15
2.611669106346004000e+15
3.124574138209473000e+15
2.938031838930488000e+15
3.714538766381934500e+15
3.498546401203850500e+15
2.580487143307327000e+15
2.683687882741522000e+15
3.603846044199222000e+15
3.184751323938404500e+15
3.544003486465341000e+15
3.187793615317342500e+15
1.646778881338706000e+15
3.057578406780020000e+15
2.573122697493037000e+15
3.072109876602667500e+15
3.431677100637185500e+15
3.781436417871879000e+15
3.779377017254198500e+15
2.916957560614566000e+15
3.118835897610928000e+15
1.652490555500824500e+15
4.229135875783051500e+15
2.870980893032963500e+15
3.871325842344679000e+15
3.706016993532678000e+15
3.733035745447396000e+15
3.137220625987878500e+15
4.600344454906184000e+15
4.278765810621210000e+15
4.497252254371015000e+15
2.347150633368347000e+15
3.142049700373641500e+15
2.813206509194016500e+15
4.899163034794044000e+15
3.830970084567697000e+15
2.908059864562774000e+15
2.983707349006709500e+15
4.376904702590443500e+15
4.413928220647823000e+15
2.784562818063735000e+15
3.247938014664947500e+15
3.869439622841820000e+15
1.342336210248630000e+15
3.294663956373762500e+15
3.041292675476805500e+15
4.421385361239207500e+15
2.997027531312150000e+15
2.263677511346193500e+15
2.932282315263552500e+15
2.864993382146250000e+15
3.068959787655618000e+15
3.733226030192004500e+15
4.933008819019568000e+15
3.229665561304853500e+15
3.180040851600734000e+15
2.420731904737494000e+15
2.120274566411320000e+15
3.595735630621641500e+15
3.992176411243336000e+15
3.827272774531184500e+15
3.027497736247806000e+15
3.448322236059558000e+15
3.511666667972579000e+15
4.319584514709538000e+15
3.159020302949074000e+15
4.128680640920215000e+15
1.529577650685523250e+15
3.847678577324596500e+15
3.272358152632040500e+15
3.256045698132025500e+15
4.404151466320131000e+15
3.261380174617105000e+15
3.047274168576258500e+15
1.507144937980193750e+15
5.001246333386295000e+15
3.769144420218951000e+15
4.405957194383937000e+15
3.681172494673505000e+15
3.973668929906681000e+15
4.822959705453787000e+15
2.871214241439773500e+15
2.728807091797284000e+15
3.617413679886307000e+15
1.799976761100100750e+15
4.439811465852212500e+15
3.440875243556306500e+15
3.300595073903649500e+15
3.040003420331231000e+15
4.700275733623606000e+15
1.136065501459037750e+15
3.137246050567649500e+15
4.029065916022707000e+15
3.195986171961280500e+15
3.340367366041343000e+15
3.265383385004549500e+15
3.797706599989309500e+15
3.009478504075480500e+15
3.178275762312077000e+15
1.829563251052846250e+15
2.987113337316382000e+15
3.989217064750873500e+15
3.431982494180527000e+15
2.798485022813955000e+15
2.294119894799166000e+15
3.048764228341941000e+15
3.428112422191108500e+15
3.117701842552809000e+15
4.038666474363413500e+15
4.016688520793397000e+15
3.715402506086183500e+15
3.683768511021831500e+15
2.242401643013236250e+15
1.137914587572674250e+15
4.380673256033061000e+15
3.555427081271461000e+15
3.466386912758895000e+15
2.703942584819188500e+15
3.708696113944187500e+15
4.227180170896011500e+15
3.777276805578506500e+15
2.600100453148914500e+15
4.290780826370380500e+15
2.770463904094694500e+15
3.572467043890968000e+15
3.905336998208490500e+15
3.258443082206961000e+15
3.265848496979373500e+15
3.543601755488182500e+15
4.173971692154868500e+15
3.797169109042241000e+15
4.239857942297918000e+15
4.617080802705202000e+15
3.547138333390714000e+15
5.110312436677169000e+15
3.974521586093265000e+15
3.260626917325972000e+15
2.358446090041470500e+15
3.595405787952000000e+15
3.859706670632406500e+15
4.222809934663401500e+15
1.089737752421156625e+15
2.461833500902279500e+15
3.801072875054697500e+15
3.637827570727909000e+15
3.343376263174211500e+15
3.427459071247361000e+15
3.325100855057737000e+15
3.842583037618984500e+15
2.669729823983564500e+15
2.917540104152631500e+15
3.406818990336941500e+15
4.697002580277150000e+15
1.620322900058337250e+15
1.427138707962120500e+15
2.773896539699661000e+15
3.001662642042234500e+15
3.638281755754837000e+15
3.211316595079179000e+15
3.767040489858980500e+15
3.390333077099196500e+15
3.364985427628303500e+15
2.963185358892263000e+15
2.584247819177024000e+15
2.805621505764199500e+15
3.964651038795070500e+15
3.385151895539735000e+15
3.730380699885066500e+15
2.548247857150726500e+15
3.401343388958882500e+15
3.865832664245914000e+15
4.206091747570433500e+15
3.593127673131671500e+15
2.066967363101451250e+15
3.790021215876036500e+15
4.018380830752258500e+15
3.627815493290470500e+15
3.831732223653131500e+15
2.357588493970182000e+15
3.380996199511004000e+15
3.307141264329685000e+15
3.621829276175110000e+15
1.652427521046246750e+15
2.832321431548757000e+15
3.289791119650690000e+15
2.732002081503133000e+15
3.216310902377642500e+15
3.813419045208059500e+15
4.089128721899892000e+15
2.993893720426014000e+15
3.477428702816434000e+15
3.507324682159650000e+15
4.626030324279601000e+15
3.089688043372812000e+15
4.865579699466310000e+15
2.405441847616670000e+15
2.821365087628184000e+15
3.753313448925079000e+15
2.869667560255199000e+15
3.569579775076610000e+15
2.977909462624217500e+15
4.411178622090773000e+15
4.713007568003178000e+15
3.640577719563353500e+15
4.179447773812899000e+15
4.167607663835639000e+15
4.118206610481777000e+15
3.808573175159663000e+15
2.658542427633585500e+15
2.654170972448559500e+15
4.665231080989926000e+15
2.591145623957708000e+15
3.339354792002159000e+15
3.371799951947598000e+15
2.550581453307720500e+15
2.868535043273114000e+15
2.725069165809543500e+15
1.948336970857170500e+15
3.737606109783666500e+15
3.846440947183686000e+15
3.517565706742266000e+15
1.722105622497843000e+15
2.875262838048067500e+15
4.333923631265134500e+15
3.638878701409061500e+15
2.226563424862366750e+15
2.851187180853525500e+15
1.777113213192235000e+15
3.440856212467684500e+15
1.956491056477454250e+15
3.177143221915996500e+15
1.655593175558285750e+15
3.362148034289707000e+15
3.036562754116309500e+15
5.188705309652367000e+15
2.700146802659121000e+15
2.449283969252376000e+15
3.251485501650394000e+15
4.114562591110743500e+15
3.224562536755520500e+15
3.707305568118255000e+15
4.112641915627163000e+15
3.135528771834035500e+15
3.329509977945120000e+15
3.453353454039821000e+15
3.315865884377152000e+15
3.397992010751354500e+15
3.105218712016705500e+15
3.976519548732533000e+15
2.689231379765204500e+15
3.783631926873310500e+15
2.153468036299751250e+15
3.659432438187430500e+15
4.631009179998078000e+15
3.503795253450379000e+15
3.711749781740981000e+15
2.833370483112112000e+15
1.695879158215529750e+15
2.366309042164123500e+15
3.705927689942342000e+15
3.918864283287272000e+15
4.545235489501831000e+15
4.395912980722991000e+15
3.851524376258803500e+15
2.799948308104035000e+15
3.705214993879614500e+15
1.081976918905549000e+15
2.429759503019931000e+15
3.188477266714857000e+15
1.305059015001390500e+15
2.337629500669753500e+15
3.618419496303292000e+15
2.630390746827368500e+15
3.988663620807722000e+15
3.609580170503677500e+15
3.328127292147695000e+15
3.220001500058857000e+15
4.232049372419247500e+15
3.985073948643051000e+15
4.383649869272484000e+15
3.590037495680687000e+15
1.846753099908083500e+15
3.236161689027353000e+15
3.627012820730107500e+15
3.724798999994139500e+15
2.817125561516093500e+15
3.309069087483643000e+15
2.802386921015559000e+15
4.529270858417355000e+15
4.046338375396082500e+15
3.445254776657000500e+15
2.547510822020155000e+15
4.368428563472563000e+15
2.759529828670793000e+15
2.218177111810284750e+15
3.908442726993230000e+15
3.638713971602358000e+15
3.748407737333794500e+15
2.849779004189903000e+15
4.250512178196193000e+15
3.421637001569332500e+15
3.989364475071416000e+15
3.266760184616443500e+15
3.824545054077739000e+15
3.320807594898337000e+15
4.085227214499123500e+15
2.947877480662044000e+15
2.295179752034019000e+15
3.601803925604000000e+15
3.904317513398653500e+15
3.285318344293747000e+15
4.376729732332003000e+15
3.964629378286117000e+15
2.686167357679166000e+15
3.351614302793602000e+15
4.230700840456671000e+15
2.658170971791187000e+15
3.778247121188073000e+15
3.591952189318142500e+15
4.319102606801654000e+15
3.058584385574494500e+15
2.467669004465934500e+15
3.487455373538743500e+15
2.036600683274621000e+15
4.596312734510491000e+15
3.459347617337697500e+15
3.644228171409246500e+15
3.257240763002060000e+15
4.430262894360002000e+15
3.307164585000324000e+15
3.347475251615232000e+15
3.418679791084605000e+15
3.418370377857076500e+15
3.029478561082409000e+15
3.910896357791939000e+15
3.931985286421977500e+15
3.632076228041715000e+15
3.973903314115138000e+15
2.307605187856029000e+15
4.075387278596598500e+15
4.865112292131069000e+15
3.160706191156553000e+15
2.732904246952811500e+15
4.339531268574171000e+15
3.270875374607769500e+15
1.640063074369313750e+15
3.162857946673156000e+15
4.120926471764232500e+15
2.820872591780243500e+15
2.877283962249247000e+15
3.975874379752326000e+15
3.795382671237134500e+15
3.326751690853340500e+15
3.317222842849371500e+15
3.734186262035746000e+15
2.386101387900922000e+15
4.047503266817736500e+15
2.924452591447827500e+15
5.061992363541598000e+15
3.129592256944444000e+15
3.449020300730197500e+15
3.546018526498367000e+15
2.991440313820890500e+15
3.518087648360096500e+15
4.283598471634938500e+15
2.856109172914569000e+15
3.896468101554902500e+15
3.648503601770824000e+15
4.210980283790859000e+15
2.234157221687174000e+15
2.544158687330694500e+15
3.747597111883286000e+15
3.376551969516652500e+15
4.486624571527023000e+15
3.027204139147724000e+15
3.393179519212849000e+15
3.936479756910682000e+15
3.548968747546092000e+15
3.022455140895869500e+15
3.742246881754976500e+15
4.135398432710788000e+15
2.671045300880149000e+15
4.288893174376730500e+15
3.681148374312455500e+15
3.485165474305510500e+15
4.251893183517215500e+15
4.043306832917493500e+15
4.125908913554226000e+15
3.251293027064640000e+15
3.151723781781981500e+15
3.319740008533846000e+15
3.607600994960366500e+15
4.351722615349870500e+15
4.386765260030892000e+15
3.525357840808875500e+15
4.110795622146881500e+15
4.630947510092240000e+15
3.665036542979085500e+15
2.995131526000414000e+15
3.413616226748050000e+15
5.994622101403410000e+15
4.492119237970306000e+15
1.209538409848490250e+15
2.416066742673690000e+15
5.163824613861285000e+15
2.175597442114872750e+15
3.763132547506328500e+15
3.268764823979317000e+15
1.344794537562941500e+15
3.484413026228427500e+15
3.787047874483408000e+15
2.746128251189037000e+15
4.401648209489655500e+15
3.370092336076665000e+15
4.481485732210361000e+15
3.333120024620203000e+15
1.950011877721841750e+15
4.047394623145385500e+15
4.407138257239653500e+15
2.849914316148822500e+15
3.760235798944642500e+15
3.210477867549646000e+15
3.299134138955051000e+15
4.044347650876206500e+15
3.472795001930273500e+15
4.080263180309216000e+15
3.959945190949295000e+15
1.677927229266347750e+15
3.485546505475682000e+15
4.052127160487090500e+15
3.579835504714013000e+15
7.251845417197300000e+14
4.459077846255464500e+15
3.652956164997305000e+15
5.074654788723791000e+15
4.036083565366265500e+15
4.228635301863579000e+15
3.650192480341414500e+15
4.112430480387716000e+15
3.765398964876051500e+15
3.511147791353967500e+15
4.050137178698238000e+15
2.744274550171889000e+15
3.547201908915457000e+15
3.715384621622118500e+15
3.188320078231976000e+15
3.832977055101085000e+15
3.722946944296682500e+15
2.945846805279796000e+15
3.607004658054283000e+15
3.356733438956892500e+15
1.081488227385757000e+15
3.090843967642660500e+15
2.705906222336811000e+15
3.630500121505334000e+15
3.165720704860733500e+15
3.138026263277590000e+15
3.106146575700414500e+15
3.757458720487628500e+15
4.207391317944389500e+15
2.108675227127453000e+15
3.733698491429033500e+15
1.628142049787206250e+15
3.602867111425163500e+15
2.610003463701943500e+15
3.723720063471391500e+15
3.838477481091188500e+15
3.620742021460481500e+15
3.304434877440383500e+15
2.768071057832963500e+15
3.127564957421590500e+15
3.879964775076738000e+15
3.343619042106102500e+15
4.903352760105309000e+15
4.251604583422062500e+15
2.243947129607025250e+15
5.156732452628141000e+15
3.333618352511667500e+15
3.089787770235580500e+15
2.906898679398102500e+15
3.332345630438015500e+15
4.869526578080572000e+15
3.342156790504283000e+15
3.811131008919648000e+15
3.297180668499646500e+15
3.271960997420856500e+15
3.113937216779718000e+15
2.415594998379153000e+15
2.505281222207299500e+15
3.955810097330590000e+15
2.846424321035840000e+15
3.873518995611385500e+15
3.438218599442274500e+15
3.505704687642192000e+15
2.746728964172773000e+15
3.314440465078867500e+15
2.316093114223213500e+15
2.400082634703789500e+15
3.293102423804088500e+15
4.500810061890508000e+15
2.393370460134030000e+15
2.947070895325549500e+15
3.424565538325631000e+15
4.055842110262429500e+15
3.590910735675181500e+15
3.341923544856692000e+15
4.537828809440607000e+15
2.597563717994211000e+15
4.560824691681490000e+15
4.553141758541411000e+15
4.041534217629214500e+15
3.214652471300124500e+15
3.272644315189811000e+15
4.098784729160293000e+15
3.988132446605599000e+15
3.575379770905838000e+15
2.759529675752409000e+15
4.377761862580221500e+15
3.355500305508218500e+15
2.660714662586975000e+15
2.838628634847147000e+15
2.999693941284531000e+15
2.954258006754535000e+15
4.117767875362802000e+15
3.969336594362482500e+15
3.967979976747679000e+15
3.354639605488586000e+15
2.494591663676942000e+15
4.070774986974139000e+15
4.325423697573496000e+15
3.240035478523455500e+15
3.205579101415233000e+15
3.213666151634810000e+15
2.417491742515631500e+15
2.745857658714579000e+15
3.474963767416306500e+15
2.784279170709418000e+15
3.705955564726050000e+15
3.693342491985475000e+15
3.603221801534211000e+15
4.363844328214514500e+15
3.748444988269531500e+15
4.440622814057387500e+15
3.267340366372889500e+15
4.359600444929948000e+15
4.165928173688932500e+15
3.253217643342044000e+15
3.357326744637037500e+15
3.573404623729514000e+15
4.587555543637658000e+15
3.268031078997043500e+15
3.117565966424118000e+15
3.217723456202991500e+15
3.753807286270265500e+15
3.084164664612081500e+15
2.581382957224464500e+15
3.903805511235222000e+15
4.525614406001433000e+15
5.014608215445560000e+15
3.903205469722895500e+15
3.972440708781513500e+15
3.860137621984540500e+15
2.422358000363066000e+15
3.862544395211891000e+15
4.194356785859604000e+15
3.542799630754182500e+15
4.508510852495404000e+15
8.331160806089866250e+14
3.870593446086187000e+15
4.823854182104697000e+15
3.382301313712682500e+15
2.998554076359829000e+15
4.179663485765301500e+15
2.991433598506558000e+15
3.992954724694515000e+15
2.821589517624400000e+15
3.522819749106877500e+15
1.421707821032795500e+15
2.504304593195291500e+15
3.716604470480135000e+15
4.695516796870210000e+15
4.203448800543221000e+15
4.724798406114691000e+15
4.609097799638506000e+15
4.333980298977342000e+15
3.723673656994909000e+15
3.240912440469085500e+15
3.930510664474003000e+15
2.742811517182658000e+15
3.331066631840862000e+15
5.036324477549524000e+15
3.151088771123182000e+15
3.109156817013975500e+15
2.750075380137173500e+15
3.635133054463082500e+15
3.014235879358921000e+15
2.725692036357175500e+15
3.528715993602866000e+15
2.746715580231512000e+15
2.714568936777409000e+15
3.755304647607681000e+15
3.327148762083114500e+15
3.058111963110890000e+15
3.455120158156193500e+15
3.357104838843683000e+15
3.374502668072997000e+15
2.731499810938832000e+15
4.215911958159201500e+15
2.605314771445149000e+15
4.465947983237360000e+15
3.736936301137186500e+15
3.563614465460324000e+15
3.152377702225931500e+15
3.911675237589860500e+15
3.432627130452840500e+15
3.786751452412403500e+15
3.503134944472867500e+15
3.655622602071169000e+15
3.810006957483597500e+15
2.430322418960663000e+15
3.697361590043509000e+15
4.308998961852828500e+15
3.319813458078645000e+15
3.280878293662681000e+15
3.379378043060987000e+15
4.132959547573782500e+15
2.328644064571506500e+15
3.849980199538202500e+15
3.021510279966502000e+15
2.027307420864079750e+15
3.041062807875568500e+15
2.796905262974126500e+15
3.122898868905703000e+15
3.432198330406165000e+15
4.277047080725226500e+15
3.875765757828906500e+15
4.121977109613854500e+15
2.507248315747238500e+15
3.427706360962381000e+15
3.598364563160088000e+15
2.993735097538407500e+15
2.250827170785574750e+15
4.360522435615926000e+15
2.862571779292051000e+15
3.954239205984173500e+15
2.711813681075687000e+15
3.335093072416127500e+15
3.597100034429972000e+15
3.238886922446172500e+15
2.251647885272771750e+15
3.818242103747394000e+15
2.331802321779294500e+15
3.092876293616675000e+15
3.998072059625466500e+15
3.445804164841460000e+15
5.294889112564057000e+15
2.937647710200780000e+15
3.227217269693246500e+15
1.530376265318503250e+15
3.497478236484044500e+15
4.670071223617181000e+15
1.908668099047809500e+15
2.868899957920047000e+15
4.142008741696448000e+15
2.255748775022231500e+15
3.632705534675594500e+15
3.900251582677419500e+15
3.474050481305826500e+15
3.814617687105363500e+15
3.192972789405851500e+15
4.068146513685685500e+15
3.751171464601674000e+15
3.848518327776783500e+15
2.638571920679745000e+15
3.428863830462059000e+15
4.377605948806175500e+15
3.610973945458313000e+15
1.224285579727736750e+15
3.421865986662383500e+15
3.284089382685748000e+15
4.154049363902542500e+15
3.836135904912480500e+15
3.620710482864332500e+15
3.429696625424205500e+15
4.899392947399220000e+15
4.581713554436857000e+15
3.307729936688808000e+15
3.257891573609492000e+15
4.464440643196692000e+15
3.630919644657290500e+15
3.776681457409398000e+15
4.421978273829382000e+15
3.431312422807815000e+15
3.408816026932304500e+15
2.643508803718327000e+15
3.682453232604086500e+15
1.365129497220820500e+15
3.326027585370699500e+15
3.092228839077995000e+15
3.460634111860555000e+15
3.032554040328254000e+15
4.320197709330719000e+15
3.767112806162180500e+15
3.906994080026185500e+15
2.945680788632039000e+15
4.260256559244968500e+15
3.519628730700854500e+15
3.756814706203774000e+15
3.795029029480365500e+15
4.665037981475628000e+15
4.194507726500024500e+15
3.693965920624922000e+15
4.285148550813981000e+15
2.872861928608287000e+15
3.649954393668043000e+15
3.153579724247645000e+15
3.328452842077951500e+15
3.316406637349042000e+15
3.187426895438544000e+15
4.227257050808662500e+15
3.456857844057868500e+15
3.464395761915294500e+15
2.910257744093761000e+15
4.362669661146538000e+15
3.565542158056181000e+15
3.972605438950263500e+15
4.217892454291942000e+15
2.670398384722595000e+15
4.812985283672029000e+15
3.611725186157747000e+15
3.253457385113932000e+15
4.207672377609398000e+15
3.832110885634771500e+15
3.415797517887754500e+15
4.486717059480220500e+15
3.402229851419486000e+15
2.944446627373288500e+15
3.748575173772336500e+15
3.324396882270107500e+15
2.738584005034069000e+15
2.923683162872068000e+15
3.460101571307024500e+15
3.580868880071212000e+15
3.881585676876193000e+15
3.244102457117574000e+15
3.127881763548035000e+15
3.841995042108593500e+15
3.908984152264106500e+15
3.259023678945748500e+15
3.458778564661464000e+15
4.344824521354180500e+15
3.058217359975258500e+15
4.060657494658448500e+15
4.517037476270011000e+15
4.264660941383659000e+15
2.685712557669884000e+15
3.324094049490158000e+15
2.794671420050324500e+15
3.592661491085298500e+15
4.031586802829654500e+15
3.955448250564162000e+15
3.694771964695255000e+15
3.743619289278725000e+15
2.450769843229269000e+15
3.656505952759027500e+15
3.518055778568088500e+15
2.411197526490092500e+15
2.295986189080150000e+15
4.098033603782684500e+15
3.394921172005234000e+15
2.487737024762579500e+15
3.922017950990360500e+15
2.185591682943854000e+15
3.892248107024684500e+15
3.367854455548379000e+15
3.096866043705229500e+15
3.424438309774791000e+15
4.053958802841443000e+15
3.536423478451902000e+15
3.271497999923934500e+15
3.497402321985719000e+15
2.213957621268600500e+15
3.387378232063910500e+15
3.522448777708502500e+15
3.746198761565501500e+15
2.390564754957468500e+15
3.975826075046086000e+15
3.566257924527558000e+15
3.489196810925476500e+15
2.855948236146921500e+15
2.626798606656731500e+15
3.540743003539047000e+15
3.481572818329629500e+15
3.491436376912703000e+15
4.420804380381546500e+15
4.285794235609527500e+15
3.136097016513039500e+15
4.433388480696145500e+15
3.577109008611700000e+15
3.556799202046161000e+15
3.692202417517175000e+15
3.121010105676754500e+15
3.671083018193175500e+15
3.237415691405536500e+15
2.560892576047207000e+15
3.023578177970175000e+15
3.736713954044488000e+15
2.282883826539115500e+15
2.482336768417806500e+15
2.769766304017336500e+15
3.308649890993787500e+15
3.358279243855648500e+15
2.559375496635256000e+15
3.193743369400573500e+15
3.797900630076303500e+15
3.566279063791248500e+15
3.866766549586762000e+15
1.210747347431044250e+15
3.140528429213959500e+15
3.118809952153337000e+15
3.430213659531714000e+15
3.763708435180918500e+15
3.126795860701266500e+15
4.038202894516758500e+15
4.141950378438829000e+15
3.678940484458764500e+15
3.076538068226303000e+15
1.294341583836325250e+15
2.523284787671789000e+15
4.299740243237222000e+15
3.051687518463177500e+15
3.303682763439553000e+15
3.217919349316776500e+15
2.225539461442842250e+15
3.165932907849881500e+15
3.055832248723151500e+15
2.660743048863338000e+15
3.576276620285150000e+15
3.440712331766967000e+15
2.585954078458931000e+15
2.909236227980362500e+15
3.807679112983931500e+15
4.088583416872302500e+15
4.344258213226395500e+15
2.831407159629060000e+15
3.664193240566415500e+15
3.339526363687398500e+15
2.618967474605190500e+15
3.697684462028632500e+15
4.657490734336715000e+15
4.728695255838031000e+15
3.362782426680895000e+15
4.108377149896200000e+15
3.531347299514841000e+15
4.211380351544958500e+15
3.692699464181891500e+15
3.439940755730889000e+15
3.654276423782201000e+15
3.837803664521074000e+15
3.072119554338274500e+15
3.160853673587833000e+15
2.785659457672976000e+15
3.465871831273420500e+15
2.892207862373921000e+15
3.878857679714441500e+15
1.086364272599903625e+15
3.684639661979567500e+15
3.425902724154963000e+15
3.344028695599152000e+15
4.235075356705255000e+15
2.470860044416313500e+15
3.543694253407245500e+15
3.491412727847622000e+15
3.384688121326899000e+15
3.808011855050736500e+15
2.814578268081540500e+15
4.078164103558751500e+15
2.868057621145456500e+15
3.590067214250665500e+15
3.446747740880412000e+15
3.619298412551178000e+15
3.915412904923461000e+15
3.289996457789004500e+15
3.591599061015353000e+15
4.247701124532375000e+15
3.955783692875696500e+15
4.346867676781214500e+15
4.229074848978992500e+15
3.819293340052756500e+15
1.180858784818873750e+15
3.537163938101740500e+15
4.184017269594774500e+15
3.069640354569382000e+15
3.406681452665826000e+15
3.527840952814648000e+15
3.904707300068370000e+15
4.386500533807381000e+15
3.024662102533884500e+15
3.591223669205488000e+15
4.621126810050132000e+15
3.477080588333530000e+15
3.443177826916454500e+15
5.005501493573408000e+15
3.571884720277751500e+15
3.617376511488563000e+15
3.135278485076094000e+15
4.725297784189085000e+15
3.386083146188049000e+15
2.097888172452579250e+15
4.353077059262568500e+15
3.434655287216141000e+15
3.443751147273008500e+15
3.620019970660770000e+15
4.321091683290037500e+15
3.186632812388781000e+15
3.040916443417248000e+15
2.763271584543418000e+15
3.069729424008170000e+15
3.679742471213085000e+15
3.824947754504321000e+15
2.815839945788024500e+15
4.086154455787784500e+15
3.243166708026229500e+15
3.058462830244831500e+15
4.316035093920280000e+15
3.007299531393790500e+15
3.651015750822900500e+15
3.836762482465354500e+15
4.759164998380834000e+15
2.867215681438959500e+15
3.656733167543425000e+15
4.086231435207512000e+15
3.065268301535608500e+15
2.850260176957912000e+15
4.455738832442678000e+15
2.224162489867005500e+15
3.519264655243758500e+15
4.097057526486820500e+15
3.683084243316036000e+15
3.865829381161986500e+15
3.341738175608756000e+15
3.343554920810113000e+15
4.127677652564150500e+15
3.590104833493667500e+15
2.892664194460443000e+15
1.486772036905003250e+15
3.753161564685823000e+15
2.869055837861672500e+15
3.312497384590343000e+15
4.836041641501502000e+15
3.724479742523507500e+15
1.452989389232812750e+15
2.702841848886338000e+15
4.771780743058056000e+15
4.307308396790171000e+15
4.331596402138528000e+15
4.410236566616952500e+15
3.508467832144762500e+15
3.498665788115972000e+15
2.951155999713905000e+15
2.870330989897145000e+15
4.729321829463616000e+15
3.095351952970921500e+15
3.214531339854657000e+15
4.426307567567298000e+15
3.474796624150703500e+15
2.999303701176407500e+15
3.631108317547463000e+15
4.468547085319125500e+15
4.155547428244510500e+15
2.641806670701274500e+15
3.154900806174356000e+15
2.903791389978707500e+15
3.369635413232020000e+15
4.340296467950783000e+15
4.310130070769847000e+15
4.186852372220407500e+15
4.211486716356476500e+15
3.591691645642199000e+15
3.690288705785982500e+15
4.963098883171572000e+15
3.786598119712007500e+15
3.601456673393447500e+15
1.747712159853053000e+15
4.008675165327784500e+15
4.271660185874469500e+15
3.146135925725225500e+15
3.532429132470358000e+15
3.659419534472278500e+15
3.882817976079689000e+15
2.553098858458723000e+15
3.588642619686959000e+15
2.622119168059661000e+15
5.495628552317056000e+15
5.131698540514499000e+15
3.421750159843088000e+15
3.497550094270067500e+15
4.660338569545974000e+15
3.521475771256712500e+15
3.847945475670488500e+15
2.779533030276853500e+15
3.751369826650651500e+15
2.939511759261162500e+15
3.632281454357559000e+15
3.824280543582588000e+15
4.535685564741730000e+15
4.084335733082832000e+15
4.439555383855437000e+15
4.087122405879477500e+15
3.382827120546754000e+15
4.666148575705312000e+15
3.571382788054588500e+15
3.044694146111131500e+15
2.435621560410971500e+15
3.619735259303284000e+15
4.679054612687582000e+15
3.590251210458353000e+15
4.776176571877568000e+15
3.884096057681525000e+15
3.695399813921647000e+15
2.886825281677651000e+15
2.793397621617251500e+15
4.141217325056693000e+15
3.634708180283003000e+15
3.712518144967986000e+15
3.493018363801216500e+15
3.000266764174088000e+15
1.658466945981825250e+15
3.900176472792576000e+15
3.879522867735217500e+15
2.853469495934248000e+15
3.734013812078535500e+15
4.006687332488340000e+15
3.412460695535910000e+15
3.523842072804236000e+15
4.057091962746825000e+15
3.467599831319713000e+15
3.717900333997910000e+15
3.715136722113280500e+15
3.195674381180493500e+15
4.148173193363508500e+15
2.188840639699513750e+15
2.881234718957321000e+15
3.563521416484886000e+15
2.300182804765299500e+15
3.131015702705563000e+15
2.993805282661681500e+15
4.502291430445509000e+15
2.555790946409788500e+15
2.893875121853799000e+15
3.629287362483290000e+15
3.352279754422843000e+15
3.052515824786104000e+15
4.071259434577666500e+15
4.402835711322237000e+15
3.442036772067032500e+15
3.745278154095967500e+15
3.858097450398906500e+15
4.187411047273611500e+15
3.342721333594186000e+15
3.411743283098011500e+15
3.553767511150812500e+15
4.019930501072217000e+15
3.798672832889971000e+15
3.489245692982636500e+15
3.298058311023733500e+15
4.006874311923367000e+15
3.606792631450562000e+15
3.985241348915694500e+15
4.399438158663612500e+15
5.218351374192904000e+15
3.932926121968762500e+15
4.037928529134344000e+15
3.040499763282292000e+15
4.425303798750425500e+15
3.046063702215141000e+15
3.354454261225641500e+15
4.126251887666961000e+15
3.070360624456761000e+15
4.118262143110558500e+15
4.050295634476768500e+15
3.944903906776743000e+15
2.782330913007601000e+15
3.818188447794547500e+15
3.528407405735458500e+15
3.302969846349513000e+15
3.615996790052540500e+15
3.050545194606703500e+15
4.210307805922629500e+15
3.783937924019932000e+15
4.235636196280553000e+15
3.917112228494825000e+15
2.788356370386089000e+15
3.818071641043521500e+15
3.781947648080986500e+15
4.470275719769578500e+15
3.420959912160632000e+15
2.058902354065008500e+15
2.118901226996705250e+15
3.612039013210493500e+15
3.615846781793428500e+15
3.544472754683216000e+15
4.018856760271990500e+15
3.843732639048731500e+15
4.292037555598516500e+15
3.721293558098202000e+15
4.409976169581844500e+15
5.131365792190837000e+15
3.768741833457646000e+15
4.673301300967077000e+15
3.711917414980929000e+15
3.533616667666998000e+15
3.861819014892776000e+15
4.170363511530572000e+15
3.532795565301032000e+15
3.637357746156198500e+15
3.786870773812970000e+15
1.678042889569751500e+15
3.514678178601075500e+15
3.864326378292837500e+15
3.912283050768427500e+15
4.374061705382748500e+15
3.552162878415433000e+15
3.882022290772443000e+15
2.796647389134625000e+15
2.900873291144785000e+15
4.916534903334210000e+15
2.659870777496781500e+15
4.325439720669845500e+15
3.730373393552702500e+15
3.395115085694294000e+15
3.640092125939211000e+15
3.843945366968973000e+15
3.621810030481845500e+15
3.104367851296954500e+15
3.945757022105446000e+15
4.072691567934521000e+15
3.606094777918398500e+15
4.008354661617174500e+15
3.920273309226256500e+15
3.916446650873934000e+15
4.097517126297565000e+15
3.360609621035381000e+15
3.931881542631737000e+15
3.327865717781633000e+15
4.087900050904012500e+15
3.327205793458027500e+15
4.369909034334881000e+15
3.485848856443071000e+15
4.444721182193936000e+15
3.016414196592616500e+15
3.124585583667403500e+15
3.112376908577323500e+15
3.293218709162859500e+15
3.644545432980940500e+15
3.573714248482519500e+15
3.901606811580308000e+15
4.010369102626154500e+15
3.320049522610093500e+15
3.287141494898991500e+15
2.918492842497227500e+15
2.766898041364173500e+15
3.296070145161284000e+15
3.221614571055325000e+15
4.039450065840232500e+15
3.080459139371920500e+15
3.843474657150693500e+15
3.973560630266864000e+15
2.748871649895869000e+15
2.577753225131537000e+15
3.736249769115358500e+15
3.851504654799323000e+15
2.955573972717597000e+15
3.163573218757203500e+15
3.384083333100394500e+15
3.685048637771321500e+15
3.523178378871104500e+15
3.384955975844175500e+15
4.204967136791940000e+15
3.118263538286018000e+15
3.532587729061809500e+15
3.784836227796710000e+15
3.136007182641085000e+15
3.640964656358348500e+15
3.539727327545487500e+15
3.204592342004513500e+15
3.841917869979197000e+15
2.489204123536476000e+15
4.644641640817424000e+15
5.823673197434004000e+15
5.759938873802180000e+15
3.828982738755629000e+15
4.082658592818365500e+15
3.290599954773317500e+15
3.605076952079282500e+15
4.591647752514289000e+15
3.127803499505353000e+15
3.983633547563077000e+15
4.768685209255480000e+15
2.957842542012363000e+15
3.572837807870627500e+15
3.368324732861540500e+15
2.223600051040062000e+15
5.075436316669780000e+15
3.157499495842644500e+15
3.814395364188532500e+15
2.909500372449499000e+15
2.817081659316443500e+15
3.952437862606043500e+15
4.811538677182972000e+15
3.767550867949395000e+15
2.620685714243417500e+15
4.149824532836778500e+15
3.555279954584706000e+15
4.041756870814145000e+15
3.103179191281954000e+15
3.870582340529113500e+15
4.071696454949055000e+15
1.837362944496307000e+15
3.696641052457163000e+15
3.816977060394285000e+15
1.919737789218807000e+15
4.176008465845778000e+15
4.898757263670549000e+15
3.936043704990981500e+15
3.250995043144979000e+15
2.944637603562025500e+15
4.280401431204815000e+15
4.373918898219417500e+15
3.005271412985888500e+15
2.427570917593712500e+15
3.398598316372584000e+15
3.836443108865830000e+15
3.286511222040496000e+15
3.494231119871356000e+15
3.256239681371596000e+15
3.509690964151091500e+15
3.670383206031542500e+15
3.420200964823370500e+15
3.473142235140579500e+15
3.328702726179667500e+15
3.523374077047537000e+15
3.715188424115194000e+15
1.727700921865950750e+15
4.025769151462410000e+15
3.488271129407952000e+15
4.684447178732146000e+15
3.759790346642814000e+15
4.544005015596576000e+15
2.836526612216556500e+15
2.263053527778102500e+15
4.108849486205923500e+15
2.801013962023332500e+15
3.424386020869698000e+15
5.018023250649894000e+15
4.112183690077035000e+15
3.727357216111654500e+15
3.009461557735316000e+15
2.700784862645955000e+15
2.834691301976504000e+15
2.945417606512609500e+15
3.839821829895688000e+15
3.865790607859287000e+15
2.998601451801125000e+15
3.441627666908832500e+15
3.435883367767420000e+15
4.064833531153668500e+15
4.067341496774675500e+15
2.893655531745889500e+15
3.336560004396549500e+15
3.388497322479354500e+15
2.675944521283468000e+15
3.150836993583654000e+15
2.772648050788593500e+15
3.850110190764487500e+15
3.565406486117475000e+15
4.035202491509992000e+15
5.033604250602049000e+15
3.076108647344788500e+15
3.573542331980243500e+15
3.960420522139335000e+15
3.437523973369281500e+15
3.856541581280476500e+15
3.998638883691906000e+15
4.097778221411558000e+15
4.685347195550289000e+15
3.262795925782304000e+15
4.329708181219462000e+15
3.443355404350391500e+15
4.431454898082769500e+15
3.250164888473488000e+15
2.814092497210354000e+15
3.271039180184867000e+15
2.030929041481297500e+15
3.042500971543373000e+15
2.531763427387055000e+15
1.591823514609544250e+15
3.085384508519524000e+15
3.825984177996012500e+15
2.992452155176338000e+15
2.796704457382846500e+15
3.784310746712331000e+15
3.066401188309795500e+15
3.228783865398391500e+15
1.329478598945404750e+15
3.385945606577411000e+15
2.418567894775976000e+15
3.760324017621362500e+15
2.864822464755745000e+15
3.100746367076843000e+15
1.634375503945441500e+15
4.380194461564593000e+15
3.278590000675943000e+15
2.961023032102231000e+15
1.855839270266057500e+15
4.026470414334997500e+15
1.619304274284569500e+15
3.591189875025591000e+15
3.442652967121782000e+15
2.120895543537941000e+15
7.792515317021722500e+14
2.349312177922511500e+15
3.759036243780269000e+15
3.174559340137820000e+15
3.838660103469994000e+15
3.549781341475663000e+15
3.350799101010468500e+15
3.393586883751437000e+15
3.232782921803452000e+15
3.378686213889141500e+15
2.149453184492117750e+15
2.496194488163765500e+15
3.452452114195869500e+15
3.274858138839324000e+15
2.926612978514936500e+15
3.136542920915111000e+15
4.219381573975593500e+15
2.334457022593489000e+15
3.292529502385736500e+15
4.067535772873220500e+15
3.685984954146701500e+15
4.477671359368584000e+15
2.672178725308762000e+15
1.857088316061246750e+15
3.464994015431103500e+15
3.123827780708596000e+15
2.984511747922361000e+15
3.947696233076527500e+15
3.870579666269200000e+15
1.589264502605095500e+15
3.174443759583113500e+15
4.403686622486444000e+15
3.779081403806340000e+15
3.652819332848184500e+15
1.236010151596223750e+15
3.570549338551563500e+15
3.979155853281513000e+15
3.481104520594069500e+15
1.612082913492948500e+15
1.751975436429136000e+15
3.620654839639296000e+15
2.601991801523453500e+15
3.664026929024418000e+15
5.265302976778516000e+15
3.725758739085895500e+15
4.461391728794333500e+15
3.141543256564017500e+15
2.450711883924848000e+15
3.161559763081060000e+15
3.671586454087728500e+15
3.844536232057629000e+15
3.135473201596224500e+15
4.124709344294471500e+15
3.311543793485497000e+15
3.320658716990293000e+15
3.083440441186025500e+15
3.213930506419929000e+15
2.945273716568358000e+15
2.416768845479466500e+15
3.338457466290714500e+15
3.174807710729562500e+15
2.867355619944608000e+15
3.555286560451783000e+15
2.212386086617699250e+15
3.610991491032952500e+15
3.460991467149505500e+15
2.819253490257878500e+15
2.723221160572045000e+15
4.022153551394179000e+15
4.061777162366530500e+15
3.341669286397176500e+15
3.450746854496836500e+15
2.203899202006333500e+15
3.755389991928229000e+15
3.104879005733297500e+15
2.623023120392351000e+15
2.396019222925744500e+15
4.166118283374568500e+15
3.809284233142849000e+15
3.746151472922141000e+15
3.521993002846994500e+15
3.319556216071165000e+15
3.410947738246440000e+15
3.757032653748671000e+15
2.810226759839533000e+15
4.874773862588152000e+15
2.932931708127227500e+15
3.718403512723266500e+15
3.274184039174569500e+15
3.287818870662530000e+15
2.554428562958107000e+15
3.273743403103812000e+15
2.932189287508090500e+15
3.134086961034701500e+15
2.500216321691542000e+15
3.639307742534312000e+15
4.042261740408644500e+15
2.431241687963953500e+15
3.381476090479397000e+15
1.913311675900451250e+15
4.044294532373404500e+15
3.099350769470577500e+15
3.248834840831435500e+15
2.597606854144286000e+15
3.677395129866476000e+15
2.918234446030676000e+15
3.267503869556819500e+15
1.871799551495366500e+15
1.835693995112232750e+15
3.643134837185261000e+15
3.020538769369891500e+15
2.479024212149230000e+15
3.872460615961057500e+15
2.049766125895914500e+15
2.465855605757369000e+15
1.825790879462357000e+15
2.865804934458052500e+15
2.822218260555037500e+15
2.277384552600708500e+15
3.253080060749532500e+15
3.204689741853673000e+15
2.732350944549815500e+15
4.101250562948023000e+15
3.349446299759457000e+15
2.859418457230133000e+15
2.444584547261711500e+15
3.792687344917372500e+15
1.830190183686131500e+15
3.363700822099714000e+15
3.694116468781404500e+15
3.632632759606368000e+15
2.586749519327945500e+15
3.317061357302217000e+15
2.895890699143949500e+15
3.835636659249489000e+15
3.764566258927099500e+15
1.879874770200427500e+15
2.163720734037016750e+15
3.537091786039255500e+15
3.919627979632808500e+15
3.883513137672858000e+15
3.086643427011832500e+15
2.651262927122890500e+15
2.904180984930554000e+15
3.817305122622342000e+15
2.584239777553305000e+15
3.582013205491766000e+15
1.758580193012651000e+15
4.236076183670129000e+15
4.978414971347815000e+15
4.430878197553438500e+15
3.215268459142073000e+15
2.058004513129484000e+15
3.849295951148715000e+15
3.110279596000344500e+15
3.299568402989154500e+15
3.752408288485873000e+15
2.892681574395187000e+15
4.084745211072912000e+15
3.324546187438833500e+15
3.115170487519336500e+15
3.846333941251995500e+15
3.919273342465671000e+15
4.429607855763014500e+15
1.833291128076247500e+15
3.537649687590895500e+15
2.030818572506603750e+15
3.222838549239033500e+15
3.626764792905928500e+15
3.643838698285612000e+15
3.598591103558688000e+15
2.144833320194318750e+15
1.394117424892731500e+15
1.646086918923153000e+15
2.085063604535535750e+15
1.775319283360694000e+15
2.434914641037552500e+15
3.890842826975337500e+15
3.879943987161603000e+15
2.614507675145231000e+15
4.006769184185227000e+15
3.125025399375344500e+15
2.948484761496454000e+15
4.658087156734657000e+15
3.153965512608019500e+15
3.723938515864159000e+15
3.644098813243745500e+15
3.471002196699345000e+15
3.012223530037529000e+15
4.153294803109530500e+15
2.228178767313400250e+15
4.244597666756927500e+15
4.240258112103744000e+15
3.481343450830308500e+15
4.390712321566167500e+15
3.157068286982779500e+15
3.623191254663682500e+15
3.856791762806748500e+15
3.815176115766527500e+15
3.044993883215013000e+15
3.799732591588476000e+15
4.601454550080983000e+15
4.157539877796072500e+15
3.478328480695047500e+15
2.863518287378073500e+15
3.095551662416525500e+15
4.175442755792455000e+15
4.381993945386015000e+15
3.114011813683947000e+15
4.003277525928027500e+15
2.633124874207488500e+15
3.262197828155092500e+15
2.118915633909713500e+15
3.165530330024219000e+15
4.116813261834988000e+15
3.296409194397048000e+15
3.167321597193515000e+15
3.947375773578555500e+15
3.189516074709802000e+15
3.753579896210738000e+15
2.252876843403281000e+15
3.379245413855634000e+15
2.061092362502398750e+15
3.976801362923018500e+15
3.802313494667264500e+15
3.401174412339630500e+15
3.246305256772773000e+15
5.226123999898768000e+15
2.575907212712050500e+15
3.769466313980022500e+15
1.121287139237529500e+15
3.908962501503528500e+15
1.677830626876280750e+15
2.656513921064693500e+15
3.559237046800838500e+15
3.588378329451630500e+15
3.338195086901313500e+15
3.047239621212643000e+15
2.508230300920239500e+15
3.663741380466481500e+15
2.966892257685664000e+15
3.275883598037875000e+15
3.782040691647217500e+15
3.903346885063923000e+15
3.726979571706500500e+15
3.192501940584414500e+15
3.323574600217800000e+15
3.092352391321254500e+15
4.392503789527352500e+15
1.827350234472484500e+15
3.634876790126011500e+15
3.137309010780650000e+15
4.788050918738918000e+15
3.069190569439288000e+15
2.404135875591678000e+15
3.447711146524889500e+15
3.454559406379693000e+15
3.754598967633850500e+15
3.970691736874221500e+15
3.018547314352160500e+15
4.382512995968421500e+15
3.311194531083924000e+15
4.467142396762511500e+15
3.046925553661484500e+15
3.582865361269351000e+15
3.532337245296362500e+15
1.555444661133954250e+15
3.038117793774629500e+15
3.158297724337378500e+15
3.453026762096786000e+15
2.713974280255958500e+15
4.298508179886005000e+15
1.662773732285494500e+15
1.886675398130444500e+15
2.979803997738121500e+15
3.374636858838965500e+15
2.423075772485360500e+15
2.523908597084517000e+15
5.253076392222741000e+15
3.419479514787779000e+15
4.527859374280128000e+15
3.134217283847100000e+15
2.527262459801564000e+15
3.903816054713200000e+15
3.454713967359670000e+15
4.858837311891193000e+15
3.283376094271244000e+15
4.547196578066319000e+15
3.913073808807978500e+15
3.449804328190859500e+15
3.259505965906693500e+15
3.627887498907633500e+15
4.092279598554021000e+15
3.328886583432149000e+15
2.871051754406204500e+15
3.261881714666445000e+15
4.178447831201637500e+15
2.975059830027868000e+15
3.699934452225487000e+15
4.148740237914144000e+15
4.222078474242410000e+15
4.198257790594993000e+15
4.721037932687038000e+15
1.908484299832394000e+15
4.597199058201389000e+15
2.885083519216785000e+15
2.838913498555975500e+15
3.592172669468254500e+15
3.439141405454862500e+15
4.248211270320023500e+15
3.027730095741421000e+15
3.193370631302334500e+15
3.710264747867355500e+15
3.698310721694766000e+15
3.063939103872224500e+15
2.165370673968487750e+15
2.624878793540483000e+15
3.539801875360877000e+15
1.971583249655587250e+15
2.629237882560784500e+15
4.010964756181610000e+15
2.598381391935242000e+15
3.221628048899158500e+15
3.229175519856181500e+15
4.318541726789100500e+15
4.000773887476375000e+15
1.471731336687981250e+15
3.907290817140579500e+15
3.756284944730117500e+15
2.686242248682143500e+15
4.148316968344327500e+15
2.629016088593622000e+15
3.973657182466374500e+15
3.526815756486752000e+15
3.186643451598280500e+15
3.658457969111267500e+15
3.996365061477224500e+15
4.277152993289925500e+15
3.342939160315186000e+15
4.236985655971284000e+15
1.792207770849613000e+15
2.937131990816824000e+15
4.282035687256529000e+15
3.875642210347090500e+15
3.194016696173568000e+15
3.288306458441906500e+15
1.895726063415436750e+15
1.064907663870940750e+15
4.037509841557373000e+15
1.880549642899914500e+15
2.261637537334971500e+15
2.674058591160728500e+15
3.134703818142556500e+15
3.277787135739227500e+15
3.614770684367533500e+15
3.345736328687299000e+15
3.537364724718150000e+15
3.074905768751319000e+15
2.679038523082292000e+15
3.038378962986906500e+15
3.680480733881702000e+15
5.155472620953284000e+15
3.073394782723537000e+15
3.626126895228052500e+15
3.292578541064713000e+15
4.246480874892468000e+15
2.863354310622276500e+15
3.401199533416360000e+15
3.035524323939514500e+15
3.316367343434964000e+15
2.284216843520585000e+15
3.039110892487664000e+15
4.203702082520054000e+15
2.580325735111627000e+15
4.825334520738606000e+15
2.788862743709832500e+15
4.367121684101313000e+15
3.570816873319621000e+15
3.099420810821989000e+15
3.369199013933751500e+15
4.653222449246215000e+15
3.651272968488977000e+15
3.431993654017148500e+15
3.633486138571170000e+15
3.495204065950107000e+15
2.201857574057096750e+15
4.191608801278267500e+15
2.966225419483238000e+15
2.675201604985237500e+15
3.210789237531768500e+15
2.914379405185985000e+15
3.500901106784896000e+15
4.026837369087883500e+15
2.971575431163007000e+15
2.957826595363050500e+15
3.496187398577153500e+15
3.868926053304604500e+15
4.009828896310260000e+15
2.293351448219962000e+15
2.647182184890549500e+15
2.734302287918113500e+15
3.914064199284120500e+15
2.779789370684730500e+15
4.314335350673971000e+15
4.448127701964026500e+15
2.701556416247923500e+15
4.700110300226436000e+15
3.078583113569352500e+15
3.243893898413849000e+15
2.775771080953345500e+15
3.603188976492388500e+15
3.104005196066497500e+15
3.254660454575927000e+15
3.174300551873771000e+15
3.826186951526568000e+15
3.345593650732175000e+15
2.475045355189235000e+15
4.058548163763937000e+15
3.293275456567039000e+15
3.162168130738919000e+15
4.773219615632102000e+15
3.794370232915866500e+15
3.989763915145416500e+15
4.431764362587135000e+15
3.421438316015931000e+15
3.455912323351039000e+15
3.285014587955233500e+15
2.951899653581399500e+15
2.953915315507063500e+15
3.882664735187576500e+15
3.629540305849681500e+15
2.263347168813654000e+15
3.309668147142689000e+15
2.321170269859515500e+15
3.563884717932980500e+15
2.486532648952050000e+15
3.672791762501858000e+15
4.354659736329553000e+15
3.614975518758980000e+15
4.318115894908907000e+15
2.942885153119032500e+15
1.897913891882849500e+15
1.938007912335565750e+15
2.460677685062537000e+15
1.481368746942375250e+15
4.032488097848386000e+15
2.624484435407852000e+15
3.146073883618351000e+15
3.579214433034277000e+15
3.093558169697458000e+15
4.376563578931826500e+15
3.794556332194416000e+15
3.075227277600044000e+15
4.241247827607531000e+15
3.398953934840704000e+15
2.976835029305309000e+15
3.532110341445128000e+15
3.637124413125910500e+15
3.468635901907235500e+15
4.164619997151169000e+15
3.595099468508401500e+15
2.864387158099622000e+15
3.640549246125905500e+15
1.577117315008600500e+15
1.902298426252784000e+15
3.011933702272211500e+15
3.284509319457428500e+15
1.410960085373286250e+15
3.963362297618784500e+15
3.313043417366990500e+15
3.749317633302819500e+15
2.278040272119826500e+15
3.621564590165143000e+15
2.559215893423214000e+15
3.276120165543035500e+15
4.692251486063266000e+15
3.730150453241633500e+15
3.350589291659376000e+15
3.741828764374878000e+15
4.170535160732053000e+15
4.245056949532403000e+15
3.606369610545954000e+15
4.407341692846985000e+15
2.810089682216306000e+15
2.310754018069728000e+15
3.138249752872668500e+15
2.752840767708247000e+15
3.310081445535654000e+15
4.383853711573510500e+15
4.034024496827923000e+15
3.614419364494983500e+15
3.595670065965413500e+15
4.146366523963547000e+15
3.925556684353827500e+15
4.454449890576939000e+15
3.720367624086109500e+15
2.717577478961879000e+15
4.714119521745618000e+15
4.026196825352161500e+15
3.917171155949036000e+15
2.635714050860578500e+15
4.004654202888973000e+15
3.320734317911431500e+15
4.039899004327881500e+15
3.223047753745827500e+15
3.031297727863243000e+15
4.299036421943265000e+15
2.510086173800579000e+15
4.512320282984850000e+15
2.052525297136504250e+15
3.846190346609006500e+15
2.360930425715273500e+15
2.476355083140733000e+15
3.358889691238486500e+15
4.153826255566749500e+15
2.683816472181099500e+15
2.327323317726242500e+15
3.522828394051820000e+15
4.627318856031029000e+15
3.388093644123489500e+15
2.887907676230570500e+15
4.191907789350571500e+15
3.471005935094710500e+15
4.013291024901969000e+15
4.173043614101320000e+15
3.912254041470332000e+15
3.403736285815054000e+15
5.083580311035302000e+15
4.004220522444896000e+15
3.844065918855488500e+15
3.352068078327019500e+15
3.815256607125347000e+15
3.551020559469189500e+15
3.854884843583702000e+15
3.523702900505461000e+15
3.639745684763767500e+15
3.968807545209211000e+15
4.515984941461639000e+15
3.345839618675842000e+15
3.167781383328678500e+15
3.755674684909846000e+15
4.590603389860201000e+15
3.399809948185478000e+15
4.131500972411241500e+15
3.924676905741137500e+15
3.648398599043790000e+15
2.409053675096396000e+15
4.094014984257296500e+15
2.060659112505563750e+15
3.327675841745290000e+15
3.706491487804547500e+15
4.075644790194518500e+15
3.914029999618711000e+15
3.800644568117726500e+15
4.112342489681779500e+15
3.996928531069112000e+15
3.863109384677591000e+15
3.214861422766631500e+15
2.657158626914121000e+15
3.597267736373079000e+15
3.694254851086141000e+15
3.428741169672185000e+15
3.296481120830726000e+15
3.061551879881264000e+15
3.827306128142391000e+15
3.047547326530981500e+15
4.089675544619228500e+15
3.126147966758969500e+15
3.748479658200323000e+15
3.936875286164544500e+15
3.309427198506063000e+15
5.055769443328809000e+15
3.754702775908457000e+15
4.030245809559217500e+15
4.157468112815189500e+15
3.963642194532345500e+15
2.959604049986797500e+15
2.049812098048806000e+15
3.357046253039992500e+15
3.899751747189145500e+15
1.425629114156284750e+15
3.859314731389995000e+15
4.057896040528084500e+15
3.637339327374308500e+15
4.142273394380434000e+15
3.598869038317885000e+15
4.573166569800382000e+15
3.946060054537250000e+15
4.144565499167049500e+15
2.199535998428842500e+15
4.051892909759762500e+15
3.822569882074164000e+15
3.157941810874728500e+15
3.802774926148915000e+15
4.298147790465308000e+15
3.946296797537111500e+15
3.824549728953125500e+15
3.752039286946470500e+15
3.145008907707741000e+15
3.216695775098588500e+15
2.709111449439231000e+15
4.786784143542168000e+15
3.769729281982645000e+15
3.733006234820622500e+15
3.683123696598771500e+15
3.116728874256944500e+15
3.713111209516784000e+15
4.313200736352336500e+15
5.073082321994152000e+15
4.285200506211831500e+15
2.956075503411879000e+15
3.853693337937286500e+15
2.665394283308873500e+15
4.344172077328084000e+15
2.631507056898097000e+15
2.886425069539580000e+15
3.262615639263797000e+15
4.036948620701771500e+15
4.355619209128675500e+15
2.843996321872005500e+15
3.718187481249523000e+15
2.909376612651321000e+15
4.588053743609577000e+15
3.684241360321483500e+15
3.593910951909868000e+15
2.402455640175229000e+15
2.403113819301729500e+15
2.753189939134049000e+15
3.133600980306907500e+15
3.261486231534698000e+15
4.094897091070218000e+15
3.168766510018199000e+15
4.200560794874131500e+15
3.764760504270618500e+15
3.877893166240210000e+15
3.540017556309009000e+15
4.231958866027928500e+15
3.269360087182679500e+15
2.551147035166644000e+15
3.365631756924789500e+15
2.389713086184063500e+15
4.080648646989008000e+15
3.928784887268988000e+15
3.408794552102650500e+15
9.075714752348745000e+14
3.581378865410546500e+15
2.402204204552297000e+15
3.017658106381441500e+15
2.935867162839027500e+15
3.659280890687823000e+15
4.153331134958153000e+15
2.942055593246983500e+15
2.906917564701270500e+15
3.464334261405200500e+15
3.521364637299824500e+15
2.399663002411217500e+15
3.400076285654450500e+15
3.231636361218086000e+15
3.476457319829611500e+15
3.123367943704676500e+15
3.851014122097311500e+15
4.003926830147147500e+15
2.061457523654111750e+15
2.326980404656795500e+15
4.407003071876754000e+15
3.614646148095188500e+15
3.234221473533268000e+15
4.087956971532025000e+15
3.062113310553601000e+15
2.919331442876287000e+15
2.880822261960999500e+15
3.913574663373395000e+15
4.616972382297800000e+15
4.850910663836280000e+15
2.608124031338625000e+15
2.985206305139220000e+15
1.230148249223625500e+15
4.455865453633325000e+15
3.365824067949372500e+15
2.868477272984974500e+15
3.632624261547198500e+15
4.008884756442270500e+15
3.484535046658777500e+15
4.463024127675455500e+15
3.647122496971685500e+15
3.185022626258944500e+15
4.650774948645852000e+15
3.613026780946469000e+15
4.070695432640401000e+15
3.225698725568953500e+15
2.507428237910526000e+15
3.745079242652219000e+15
3.922871707822078000e+15
4.168716090123416500e+15
3.519246396939786000e+15
3.100223042587157500e+15
3.862879363446067000e+15
4.224015995214326500e+15
3.918868340799020000e+15
4.760566443507118000e+15
2.744110029432358000e+15
4.062525222492438000e+15
3.217396193051082000e+15
1.758453101709240750e+15
4.185105845975578000e+15
3.287098810845636500e+15
3.463991172196655000e+15
2.779863211945839500e+15
3.529260305424832000e+15
3.936521163751134500e+15
3.093231815606804000e+15
2.978032013738191000e+15
3.584030892346850500e+15
3.676325568314791000e+15
3.039494178916968500e+15
3.840167085302623500e+15
1.609453875668179250e+15
4.810552098922484000e+15
4.124774312741405000e+15
3.699075426487217000e+15
3.711246810253578000e+15
3.770267039269785500e+15
3.708415307910325000e+15
3.260787526988535500e+15
3.498749537913812000e+15
3.785891656825892500e+15
3.486636348942695500e+15
3.064096817189743000e+15
3.744422742948089500e+15
1.556641804019254250e+15
5.322434609633649000e+15
3.658932908546426000e+15
3.380043907316850500e+15
4.090108815845580000e+15
3.376719590123627000e+15
4.091798701175245500e+15
3.834549229642719000e+15
3.511659539197147500e+15
3.514562884718165500e+15
4.143134930945009500e+15
3.625979087636582500e+15
3.810109698694577500e+15
2.588072892486754500e+15
4.413132264747868500e+15
4.734530301542594000e+15
3.742501379942286000e+15
4.039471545858061000e+15
3.920596110260020000e+15
2.718067686892531500e+15
3.746135663346175500e+15
3.056033625647040500e+15
3.397576955970146500e+15
4.061936655283693500e+15
3.722880429918713500e+15
4.009676358716370000e+15
3.717119039860607000e+15
3.854423404991988000e+15
3.981868321650384500e+15
2.925402500182317500e+15
3.099294266081190500e+15
3.084921238355838500e+15
