3.572802089859551500e+15
2.813357305188376500e+15
3.528743867802093500e+15
2.323125684936821000e+15
2.401283174954122000e+15
2.718567333004841000e+15
2.649740326516561500e+15
3.080812568951180500e+15
2.325068087795984000e+15
2.411660612359953000e+15
3.001352500411185500e+15
3.105879637310717000e+15
2.519819885214077500e+15
2.609579313995572000e+15
3.206707509955330000e+15
2.801079143670418500e+15
3.575099043547980000e+15
2.692284635050274500e+15
3.380798680264773000e+15
3.018897411207360500e+15
2.947164023648095500e+15
3.334478710586872500e+15
2.768505297271424000e+15
3.207013128010748500e+15
3.254035571539078500e+15
3.216110426235268500e+15
2.564903879012279000e+15
2.690902033990629500e+15
2.662449398691262000e+15
3.236853279955343000e+15
3.737326195587753000e+15
3.645002006643025500e+15
4.696192253363448000e+15
4.324441265459307000e+15
3.852905387615360000e+15
2.107049811921435500e+15
4.328307898570240500e+15
2.996311592606632500e+15
3.164945599533062000e+15
3.385293671591670000e+15
3.543462070541774500e+15
2.798436772557382000e+15
2.788613158223123500e+15
4.029341846932254500e+15
3.819737034259215000e+15
3.779559757619087000e+15
3.426067211343244500e+15
3.927649770554205000e+15
3.489452485446803000e+15
3.459723205327336000e+15
4.067823283235315500e+15
3.706210684637113500e+15
2.789308394926348500e+15
3.845444315836159500e+15
4.124530836184485000e+15
3.746705848821805000e+15
3.188785535395476500e+15
3.720669544455391500e+15
4.424793880512569500e+15
3.904684242072254500e+15
4.515136872785257000e+15
2.655091589010228500e+15
3.120812679161149500e+15
2.406118188080436000e+15
3.094905767465231500e+15
2.716561764119945000e+15
3.141076387051491500e+15
3.453119096229466500e+15
4.133472555396377000e+15
2.303032197948168000e+15
2.078670133207256000e+15
3.604977258188390500e+15
2.843298767536919500e+15
2.383497147740828500e+15
2.432845656645546500e+15
2.181177135689542250e+15
3.281105962255313500e+15
2.128439614719060000e+15
1.542450982207603750e+15
2.541648797786251000e+15
2.073630659169930250e+15
3.183958339031694000e+15
2.919876575034460500e+15
2.519991119387998500e+15
1.983606078142135000e+15
2.434138091036989000e+15
2.503169574310504500e+15
2.233404976632069000e+15
3.153162687125431500e+15
2.998181464226414000e+15
2.279815941119776000e+15
2.688125691063834000e+15
2.731115901810439500e+15
2.781687473650938000e+15
2.445651327729149000e+15
1.948234713827721000e+15
2.798149610353240500e+15
3.315508971674376500e+15
2.960290850355734000e+15
1.549390432314170750e+15
2.287696015593175500e+15
2.707788198311052000e+15
2.604954174653340500e+15
2.277367956955665000e+15
2.459910191737327500e+15
2.821616872042494000e+15
2.425805957353257500e+15
2.820159142543702500e+15
2.908644694551308500e+15
1.605499965806256250e+15
2.107076802265069750e+15
2.858873000469762500e+15
2.063233563181912250e+15
2.419758609611708000e+15
2.764774378949578000e+15
1.667605433269453250e+15
1.797711138369429500e+15
2.511773092748922000e+15
3.303412371425596000e+15
3.636558155055759500e+15
2.990976188462110000e+15
2.913465070859637500e+15
3.621310354418521500e+15
1.179338550340914250e+15
1.789317071325981750e+15
2.118489926293859750e+15
2.273175746971836000e+15
2.135193450471053500e+15
2.636875438109317000e+15
2.536242474515769000e+15
2.724441244881582000e+15
1.030659072427408500e+15
3.452152384340951500e+15
2.804835855644705000e+15
2.782129332310380000e+15
2.131949227120940500e+15
2.147388013654483000e+15
3.672138231838820000e+15
2.336030069187810500e+15
2.007946321670639000e+15
2.757404136427492500e+15
2.020255015862147500e+15
3.095736551560238000e+15
2.200447124819221500e+15
3.171832489351496000e+15
2.694250887836958000e+15
2.806927042371715000e+15
2.352127504198640500e+15
4.540303242519402000e+15
3.373815414112777500e+15
3.058478846010295000e+15
3.519008421654536500e+15
2.916961351706577000e+15
3.449593691386440500e+15
3.401481742808950000e+15
3.039647422147623500e+15
3.461715950447949000e+15
2.744879414079767500e+15
2.360951745786402000e+15
3.867785632933336000e+15
3.216500401595476000e+15
2.456973741511200000e+15
2.871722871797933000e+15
2.381554167226790500e+15
3.027954552853342500e+15
3.969328951639758500e+15
3.335352216601098500e+15
3.143465133295909000e+15
3.301022327534634500e+15
3.075117240442789500e+15
2.874115030407926000e+15
2.505581033086479500e+15
2.984287117801925000e+15
2.590281770923952500e+15
3.257997754166030000e+15
2.956124702426641500e+15
1.720481326889471750e+15
2.646630729431977500e+15
2.835757459204403000e+15
3.569582044832498000e+15
2.534829688123883500e+15
2.415207317330110000e+15
3.045133741471095000e+15
1.861695610431623500e+15
2.024229897469378500e+15
4.275435466471356000e+15
3.478741651381932000e+15
3.615421600120443500e+15
3.269708476902102000e+15
2.935288063123146000e+15
2.938561211715083500e+15
2.064960462528441750e+15
3.046877390348460000e+15
3.866431226403562500e+15
3.440600409226666000e+15
3.585692673951647000e+15
2.200333051720479750e+15
3.390172796922127500e+15
2.735673037395510000e+15
3.208574304154580500e+15
3.703646806375657500e+15
3.201139828478273500e+15
2.240322584275694250e+15
2.739168206597423500e+15
2.638834755786405500e+15
1.949810700787369750e+15
3.037009921196603000e+15
2.800888087304197500e+15
3.267907544506052500e+15
3.096126720978528000e+15
1.337943585813077750e+15
1.286554539597917250e+15
3.426123123387318000e+15
2.462763363765459000e+15
2.828647719510525000e+15
3.699889594453459500e+15
2.508585136371643500e+15
2.969624383170386000e+15
2.086476090320216000e+15
2.406452857935123500e+15
2.481081736954642000e+15
2.966140180819559000e+15
2.852772027046248500e+15
2.739886611328067000e+15
2.392559433296009000e+15
2.145194773291599500e+15
3.525448666588065500e+15
3.328853140641480000e+15
4.138749157827636000e+15
2.706625258857349500e+15
2.690343031539753500e+15
2.543822216696266500e+15
3.272957757198288000e+15
3.140987128081326500e+15
2.968718176331071000e+15
2.525639763143392500e+15
3.426291822596631000e+15
2.043072788001434000e+15
2.794302514749296500e+15
3.846046897665685000e+15
3.365551975556349500e+15
2.970206516421796500e+15
3.146342758694098000e+15
3.499265899094935000e+15
2.540361191381853000e+15
3.130804852355124000e+15
2.624311785848388500e+15
2.476080096501765000e+15
2.738359318691071500e+15
3.215319707935066500e+15
2.093176235107401000e+15
2.662960530436662000e+15
2.485685220992497500e+15
3.208329105618809500e+15
3.111418076602584000e+15
3.761794752884798500e+15
3.575222971934125500e+15
3.491171163765436000e+15
2.574513720174698000e+15
2.194187095368156500e+15
2.418640276984450500e+15
1.952065825799359250e+15
2.326674388274953000e+15
4.522606833855199000e+15
2.612156830213854500e+15
3.047742884510759500e+15
3.310373535081011000e+15
3.307587243701304500e+15
2.748420767976424500e+15
4.306246485086017500e+15
3.242442806725405000e+15
2.054651208478756500e+15
2.480209253226123000e+15
2.317540264260813000e+15
3.184121042985109000e+15
3.510835523833016000e+15
3.366929645140726500e+15
3.641265634186969000e+15
2.687434328866726000e+15
3.474516280712632500e+15
3.784990004364981000e+15
2.290326178783812500e+15
2.592989385723897500e+15
3.354951235859685000e+15
3.282431446191062500e+15
2.668417440040980500e+15
3.995062044371110000e+15
3.109048204862468500e+15
2.416648774352790500e+15
3.220394494939040000e+15
2.798981404777418500e+15
3.003482400665155500e+15
3.154124530740357000e+15
3.284093013876909000e+15
3.738207718477156000e+15
3.307284727059293500e+15
1.792465100958900500e+15
3.195414860263067500e+15
2.668817896746731000e+15
2.227325006319836250e+15
2.877243328638087000e+15
2.626455738050604000e+15
3.041861515506386000e+15
2.185357521095247750e+15
3.064271163923709500e+15
3.246956376863069000e+15
3.336882121318934000e+15
2.472901756745397500e+15
3.687607455835737000e+15
3.167017285393599000e+15
3.816815890276923000e+15
3.360005721863845500e+15
3.453534741506289500e+15
2.205845349848662250e+15
3.844836999557041000e+15
3.158173165505713500e+15
2.990066888715219000e+15
2.956476184942595000e+15
3.022352420741573000e+15
3.142923785711309500e+15
2.821641566330305500e+15
3.497716505542520000e+15
2.647418991136308000e+15
2.754336563874744000e+15
2.616472165011710000e+15
2.739869772816765000e+15
3.917123455427044000e+15
3.975278885347768500e+15
4.730321690502260000e+15
3.446671551203432000e+15
3.932623369972137000e+15
3.005337340225748500e+15
3.284764363488851000e+15
3.803843750613383500e+15
2.748083761635181000e+15
3.366195181398618000e+15
2.675900067411519500e+15
3.310676110384314500e+15
3.301533807220600500e+15
3.399973038922682000e+15
2.950939927662972000e+15
3.679346000222199500e+15
3.315140207567128000e+15
3.184613771403213500e+15
3.548104499427579500e+15
2.570456676371879500e+15
2.993197964041102500e+15
3.380900238701226500e+15
3.003527898364320500e+15
3.178364054507219000e+15
3.505102402880337500e+15
4.292557114759338000e+15
2.859831068531709500e+15
2.930726438769251000e+15
3.201341568953578500e+15
3.029828778499376000e+15
3.501411834385202500e+15
3.508189125613043000e+15
3.623209128596388500e+15
2.860099227158704500e+15
4.564571303395524000e+15
3.495976919593254500e+15
3.203430448026456000e+15
2.777185755035600000e+15
3.532176578927392500e+15
3.767706073540948000e+15
2.976795442759510000e+15
3.919298786263328000e+15
3.672268176790716500e+15
3.379966144928267000e+15
2.885390437379843000e+15
3.908742020986198000e+15
4.234137239245863500e+15
4.553049550721183000e+15
4.452268746172018500e+15
3.238547620699606500e+15
3.246356865818480000e+15
2.175400329322698000e+15
2.438885668634846500e+15
2.944580223822891000e+15
3.385630001972983000e+15
3.045901007545278000e+15
3.295531672073024500e+15
2.603164905456868500e+15
3.320464544281938000e+15
2.951872944343125500e+15
2.613715621775590000e+15
2.830683453938324000e+15
3.471878830755989000e+15
3.481051725547668000e+15
2.920557052554640500e+15
4.019038982095582000e+15
2.427767761126859500e+15
2.829967561038628500e+15
4.064085076068780000e+15
3.795113651785175500e+15
2.379288714483942000e+15
2.127994075004383750e+15
4.273150485167925500e+15
3.763287836581270500e+15
2.737806579013164500e+15
2.548673869182319500e+15
4.209660498653829500e+15
3.884049537936963000e+15
3.132805124972927000e+15
3.175766136137518500e+15
4.122203807283862000e+15
3.299384351878944000e+15
2.290508491684693000e+15
2.823267564718679500e+15
2.845900117670709500e+15
2.573383508721503000e+15
2.899482547184917000e+15
3.589203159228982000e+15
3.304446647654808500e+15
3.515823863186329500e+15
3.005350423923598000e+15
3.333374956590957500e+15
2.965666043151976500e+15
3.297523511977614000e+15
2.752557289972804500e+15
3.215212836767420500e+15
3.767777388557323000e+15
2.517996025389569000e+15
4.139314447507211000e+15
3.298972076290645500e+15
3.216539397727045500e+15
3.180128652583073500e+15
2.846722821356114500e+15
2.886610559410891000e+15
2.896283593156349500e+15
2.544896409746912000e+15
2.474591430973133000e+15
3.031624061709204000e+15
3.582915965286849000e+15
3.258727930481920500e+15
2.229530557957332750e+15
3.262564683733449000e+15
3.409144930098289000e+15
3.216780039651383000e+15
3.267028768520352500e+15
3.445138894483244000e+15
2.914731099206577000e+15
4.675309714057163000e+15
2.492879717393440500e+15
4.037225389911527000e+15
4.848310597190547000e+15
3.547545324611623000e+15
2.728672476572550500e+15
3.531931171554278000e+15
4.939692254657982000e+15
2.426442886237180500e+15
3.888794601316811500e+15
3.024526559537412500e+15
2.616005375911053500e+15
3.013111132206454500e+15
2.255469126742508000e+15
3.092275110260050500e+15
3.716111491435070500e+15
3.546817197482432000e+15
2.790944785229666500e+15
2.507291939984510500e+15
3.337506268683044000e+15
3.989361536634642500e+15
2.912895272893600000e+15
3.386664822678182500e+15
3.106504979602823500e+15
2.994061969494521500e+15
3.320117541953047500e+15
3.428499747812538500e+15
3.496996008044721000e+15
4.045686964504198500e+15
4.159944722313944000e+15
3.296634876567084000e+15
3.426882368335821000e+15
4.122751690507223000e+15
3.579029257374704500e+15
3.550941418302525000e+15
3.447279573550949500e+15
3.153976027120602500e+15
3.383446383920673500e+15
3.721435132707525000e+15
4.398922441322469000e+15
3.731602075374950500e+15
3.869845284372687500e+15
2.708126139559290500e+15
