1.912252172232948000e+16
2.663078535935872800e+16
2.246171986231980400e+16
2.214552124709245200e+16
2.364378439538016400e+16
2.001485254946356000e+16
2.282270478796340400e+16
2.989403457321362400e+16
2.323953461617895600e+16
1.329418388655639800e+16
2.269790584471924800e+16
2.482052938105710400e+16
1.664661577657383200e+16
2.238294040790106400e+16
2.857086497514692400e+16
2.102264885070152000e+16
2.018718994200962400e+16
2.718602731812702800e+16
2.218683261268562400e+16
2.898528687023226800e+16
2.628133097474020400e+16
2.669811267542748000e+16
2.149756904278374400e+16
2.012728952498831600e+16
2.610778240721849200e+16
2.906157345588760400e+16
1.990131330246297200e+16
2.555608360914109600e+16
2.374833987713349600e+16
1.019198707665940400e+16
2.216437120947866000e+16
2.388527262226136000e+16
1.910709122911811200e+16
2.294298813838599600e+16
3.159941160267852400e+16
1.863599994099274800e+16
2.637522345461388800e+16
2.534426015877298800e+16
2.069307934938310400e+16
2.593577242791656400e+16
2.077565731001400800e+16
2.266563985360144000e+16
1.362372320979130600e+16
1.516873858179445000e+16
2.433435532675644800e+16
2.770757528000158000e+16
3.910238974946617600e+16
2.857489242496071600e+16
3.240056263758094800e+16
2.499152849962990000e+16
1.936490766532726000e+16
2.130640773487082800e+16
1.869171207694075600e+16
2.138235869195679600e+16
2.987178435590221600e+16
2.483682617933987200e+16
1.881401586174000400e+16
1.856651592991648000e+16
1.373420260869736600e+16
1.627532240068419000e+16
1.327962932155079600e+16
1.711542615477301000e+16
1.724273813358518200e+16
2.259457645917362000e+16
2.370923780357671600e+16
1.635636327078891400e+16
2.232650720971717600e+16
1.601388894218120600e+16
1.564841870610831800e+16
1.758327815674017000e+16
2.149123109111309600e+16
2.195862539595767200e+16
1.685313632290612200e+16
2.090229200431903600e+16
1.657183328218290400e+16
1.331597725834665800e+16
2.433848310169097600e+16
2.136539313442377600e+16
1.647883711516131600e+16
1.917603652510902800e+16
1.690558044748927600e+16
2.249144370119107600e+16
1.671091907536234200e+16
2.224100412138268400e+16
1.627083708890730400e+16
1.437158526901506800e+16
2.412489877225000800e+16
2.355422593684834000e+16
1.425387856153890000e+16
1.485526151151566000e+16
2.223718224453823600e+16
2.604832588968156000e+16
2.113860199258651600e+16
1.769530250955699200e+16
1.429220258313511400e+16
1.747632168179398600e+16
2.055183587808788800e+16
1.415176075596144600e+16
1.526483605758886400e+16
1.711470391779183600e+16
2.182206051303936400e+16
1.955852632329900000e+16
1.952826534067995600e+16
1.612902819786325000e+16
2.346395910638823200e+16
2.152518447629533200e+16
2.426075722388142400e+16
1.668380103215948800e+16
2.762608547995674400e+16
2.310119059501202800e+16
2.022067715305572000e+16
1.701684800767005600e+16
2.443847014743471600e+16
2.017995004027218000e+16
1.868604389306941600e+16
2.605102721278616400e+16
2.670574369613482000e+16
1.787171636187940600e+16
2.153047321227892000e+16
2.676085890260239600e+16
2.533512103854755600e+16
1.580236174653440800e+16
1.709606234253280800e+16
1.715952486368616600e+16
2.053968843448839600e+16
1.972309631591122400e+16
2.461712557721256000e+16
2.567022867007324400e+16
2.038945317382576800e+16
2.199233303666139600e+16
2.510872204568124000e+16
1.940350002651173200e+16
2.276301109599059200e+16
1.848635067438312000e+16
1.877755276032366000e+16
2.292925873607558800e+16
2.174867989865793200e+16
2.038939196034009600e+16
1.853434240789617200e+16
1.346178229233651000e+16
1.882914874463385600e+16
1.781059419751346200e+16
1.758194240885827000e+16
1.998240356303110800e+16
2.287679772440347600e+16
1.995759968601561200e+16
2.092818364983525200e+16
2.187418261340738800e+16
2.372909824300716800e+16
1.654071498553914400e+16
2.199444596234132800e+16
2.186098561789412400e+16
2.870048618508094400e+16
1.618385731297006600e+16
2.343197034635097600e+16
2.689688890097911200e+16
1.607340323657226800e+16
1.507510090726154800e+16
2.239969500457687600e+16
1.720695778075042800e+16
2.334090778090228000e+16
2.552516985684279200e+16
2.507966114003281600e+16
3.008291278331150400e+16
2.419868136225571200e+16
2.546246117791134400e+16
2.749333107317141600e+16
2.642830494062130400e+16
1.672113747615704200e+16
1.995245309178072800e+16
2.244485863929719600e+16
2.326084745060195200e+16
2.604294478790433200e+16
2.246563237705178000e+16
1.727815552773618000e+16
2.268182467289568400e+16
2.976869950505852400e+16
2.733373155780625200e+16
2.063995992050138000e+16
2.154662984312224400e+16
2.241000910743490000e+16
2.981570419638606800e+16
1.574857363743460800e+16
1.949497323499024000e+16
2.478942473149663200e+16
2.016177231827600000e+16
2.174791251148001600e+16
2.705421942068577200e+16
2.040286416318814000e+16
1.662023079561119600e+16
2.606062144561845600e+16
2.635472170949527200e+16
2.361624490480114800e+16
2.537388721789968000e+16
2.452384189580761200e+16
2.545951430691456400e+16
1.026386017100577400e+16
2.820172721667797600e+16
2.518044287064770800e+16
2.200600784418094800e+16
2.419318280901690400e+16
1.981496180127335200e+16
1.737237863826653800e+16
2.246966513019470400e+16
2.225580721399003600e+16
2.206598558027539600e+16
2.118433252579964400e+16
2.356852570329548800e+16
1.807536307446770800e+16
2.565630307243702400e+16
2.726590061285047200e+16
2.551523751291212800e+16
1.974241903957303600e+16
1.977938885870883200e+16
2.863303302098691200e+16
2.140396879807650800e+16
1.556624744159932600e+16
2.404444302142847600e+16
2.067141121196188400e+16
1.661353839046533000e+16
2.154538800080493600e+16
1.939171400843535600e+16
2.274168165585762400e+16
2.534961849804772400e+16
1.349736376023344600e+16
2.156084774884016400e+16
1.696667300841083800e+16
2.223185853572826800e+16
2.219827310517518400e+16
2.107569106513062400e+16
2.288225595274602000e+16
2.551644861345326000e+16
2.409231381349094800e+16
2.193009837042754000e+16
2.770259936214549600e+16
1.784125072318405000e+16
2.401462124468682000e+16
1.750821557208268400e+16
1.258657925297379200e+16
2.502673377464139600e+16
1.431863044667874400e+16
1.770092795504234400e+16
2.363246870337921600e+16
1.303092885299138000e+16
2.695848771577867600e+16
1.887314559374416000e+16
1.759491464990751000e+16
2.489534985782848400e+16
2.489398864672962000e+16
1.843909255491148000e+16
2.369532784071731600e+16
2.518962281918258000e+16
1.780688428864841000e+16
1.425929317026971000e+16
2.281341033001543200e+16
2.227249590486501200e+16
2.274150760107230800e+16
2.234488000789601600e+16
2.251422135154376800e+16
1.629127393792298200e+16
2.580193411975598000e+16
2.863094591617570800e+16
2.238703671523272000e+16
1.946760627218772000e+16
2.024850839827166800e+16
2.602333089327016000e+16
1.694586922302095600e+16
2.658491828056424800e+16
2.151944745166936800e+16
2.681117773329224000e+16
1.701477838711249400e+16
2.218346689095937600e+16
2.453970592939388000e+16
2.505426611516474800e+16
2.849506453541369600e+16
2.453709008124391200e+16
2.458426706587346000e+16
2.489084407478014400e+16
2.392600076452195600e+16
2.425979630339227600e+16
1.549325650510405400e+16
2.501536027407228000e+16
2.246454002717116400e+16
2.482114661488033200e+16
2.630328359822731200e+16
1.825363163236441200e+16
2.015720955878320000e+16
2.223809424776886800e+16
2.673277248960010400e+16
2.463549963884086000e+16
1.752615814473762400e+16
2.534842123185974400e+16
2.516683003526562000e+16
2.813651424382359600e+16
2.206954727451455600e+16
1.539128185975315200e+16
2.290184029346005600e+16
2.596543656580021600e+16
2.673280906046468800e+16
2.088360481037440000e+16
2.035979135870251200e+16
2.147628846782066000e+16
2.623458952455486000e+16
2.235931982521286800e+16
2.258612674799310400e+16
2.556313599147928800e+16
2.545436026766270000e+16
1.805622112641023600e+16
2.566716085865476400e+16
2.579384145909106800e+16
1.258123090088688200e+16
1.691826166789966600e+16
1.695979007735168000e+16
2.405780188506768000e+16
1.835224504119212000e+16
2.007936224392120000e+16
2.227916995623250800e+16
2.237114020764372800e+16
1.408373549068237800e+16
2.795373407542904800e+16
2.177525708243981200e+16
2.703647457805095600e+16
1.661652143887740600e+16
1.360201249222009600e+16
2.116713176218044000e+16
1.603499003044364800e+16
2.194922943793537600e+16
2.142126984331294000e+16
1.941085168454704000e+16
2.892199696443433600e+16
2.384873020254658000e+16
2.260542101094186000e+16
2.461256460459282800e+16
1.585449077446459000e+16
2.541478707635897200e+16
2.512988455967830800e+16
1.801043644731307800e+16
2.575044319089903200e+16
2.373136127623872800e+16
2.572900444067726400e+16
2.475779611012173200e+16
2.775350545456847200e+16
1.977014030278200400e+16
1.830513073175222000e+16
2.612305396148834400e+16
2.054508544345059200e+16
2.426744063824890000e+16
2.413213613071342400e+16
1.812104839698005200e+16
2.582009995168873200e+16
3.122440572421956400e+16
1.722763913653914400e+16
2.584423663528509600e+16
2.000293249729520400e+16
2.069944221012768400e+16
2.057424994714910400e+16
1.622150544982840200e+16
2.650477341532873200e+16
1.667187945617615000e+16
2.486117906295343200e+16
2.554803599534150800e+16
2.059945740158409600e+16
2.588011248864523200e+16
2.216125354948020400e+16
2.841975905566735200e+16
2.253996332997967600e+16
2.341435747323194000e+16
2.659378366406388400e+16
2.556968700028120400e+16
2.464787660740572800e+16
2.511711321407769200e+16
1.697190851379666600e+16
2.415868032749829200e+16
1.812391204721750000e+16
2.887066295850584800e+16
2.446991325558754800e+16
2.436645409830238000e+16
1.775232269064478200e+16
2.329771842255198000e+16
1.915863064885275600e+16
2.553947294913385600e+16
2.345742046726474400e+16
2.726425947968045600e+16
2.611678551297726000e+16
2.429938562797750400e+16
2.348235471752162400e+16
2.100991470008908000e+16
1.827139358400792400e+16
2.345285297398430400e+16
2.373313131714054800e+16
2.499606604062844000e+16
3.019686228101148400e+16
2.498397230846281600e+16
2.228314236239422400e+16
2.570512292443980000e+16
1.597271213109286200e+16
2.690220198828213200e+16
2.430771705896827200e+16
3.034150969048151600e+16
1.978464324964207600e+16
2.631587948716270800e+16
2.113874469363551600e+16
2.915719019571134400e+16
2.084088584410107600e+16
2.277993896694724000e+16
2.009713762503898400e+16
1.644968546762797600e+16
2.011445921770888800e+16
2.671256641409464800e+16
2.288279515657955200e+16
1.903212182156174800e+16
1.656724511315470200e+16
2.166929678927393200e+16
2.770210417837345200e+16
2.793593265706052000e+16
2.257160764292224800e+16
2.501576631618566000e+16
2.280048208859215600e+16
2.376663655412226800e+16
2.735440883902494000e+16
2.201897725049557600e+16
2.377313307554451600e+16
2.807924414937560800e+16
2.573034755566602000e+16
2.393588666664879600e+16
1.811999171358670000e+16
2.201602573009116400e+16
1.998773568030668000e+16
1.649633034092884600e+16
2.156622418282045600e+16
2.022540775596702800e+16
2.084869760613657600e+16
1.959608741385128400e+16
2.434486438767151200e+16
2.604380143976448400e+16
2.173368694495547600e+16
2.467596368830518800e+16
2.068223417493621600e+16
2.463040163973351600e+16
2.028863045040113200e+16
2.130769532695728000e+16
1.878169151472395200e+16
2.014054274227715600e+16
2.380661490746104400e+16
2.420282184367618000e+16
1.612845892401901400e+16
3.090828332422979600e+16
1.814074092949437200e+16
2.284022777103060800e+16
2.330560605924348000e+16
2.075205180036003200e+16
2.714538020453292000e+16
2.122999687809217600e+16
2.484534571852214000e+16
2.007867111518081600e+16
2.506636343024159600e+16
2.497798619998387200e+16
2.096423714855620000e+16
1.876552560003055200e+16
2.174540291226768800e+16
2.391805197579237200e+16
1.927971557740556800e+16
1.667181356496943000e+16
2.517117011378130000e+16
2.181263337849880800e+16
1.632128464396376400e+16
2.051749283597765600e+16
2.498232306210755200e+16
2.101446537270898000e+16
2.346829164867216800e+16
2.028346334277895200e+16
2.703410283619152400e+16
2.129846408134477200e+16
2.364996269220179600e+16
1.841118879988670400e+16
2.000873463258191600e+16
2.339852522552456400e+16
2.202777509300782800e+16
2.428805403402348400e+16
2.847438738696243200e+16
2.446557078459615600e+16
2.181618304021322400e+16
2.853622277060401200e+16
2.875605745636275200e+16
2.187369421482377200e+16
1.413128238006404800e+16
2.598985287511732000e+16
1.376510722134020200e+16
2.871898774731623600e+16
2.382979678653842000e+16
2.266738536058975200e+16
1.988518861340220400e+16
2.376714193964766400e+16
2.314397400686474400e+16
2.398725853561738800e+16
1.869310446382057200e+16
1.819351647473085600e+16
2.376846595438762000e+16
1.918271090989773600e+16
2.794535266885902400e+16
2.234934931957428800e+16
2.099804384369134800e+16
2.732237356884860400e+16
1.784436177226437000e+16
2.212056706301167200e+16
2.780493371673636800e+16
2.216177560216580000e+16
1.690979131543336000e+16
2.899017675293496800e+16
2.034907557641433200e+16
2.273481381429115200e+16
1.612458327940202800e+16
2.405112903592705600e+16
2.445179266548552800e+16
1.806371300319681600e+16
2.643564958675298800e+16
1.650422612055283800e+16
2.365978836213318000e+16
2.188982790741190400e+16
2.514292973778552800e+16
2.077490127525050800e+16
2.642316704591604000e+16
2.097627890365538800e+16
2.545348649854863600e+16
2.587378410958602800e+16
2.407053418391366400e+16
2.284108823543978400e+16
2.605792784095341200e+16
1.788253331592696000e+16
2.927663470785259200e+16
1.971362485032102800e+16
2.354315535328460000e+16
2.281611096534871200e+16
2.556260135127299200e+16
1.711812689025271400e+16
2.025885383691919600e+16
1.814789393181974000e+16
2.095601992352319600e+16
2.664932548568919600e+16
2.549474583166281200e+16
2.070824243621954000e+16
2.525602558815667600e+16
2.546746508235236000e+16
1.577668242060675200e+16
2.319320025378030800e+16
2.503335083207161200e+16
3.332364342028621200e+16
2.344373510353760000e+16
2.628014738240601600e+16
2.117024380994135200e+16
2.405753535214839200e+16
2.662273498414835600e+16
2.574148319310904400e+16
1.281203634197079200e+16
1.967963170516896800e+16
1.984062273953021200e+16
2.371651701306693600e+16
1.639046214693429200e+16
2.181164202728732800e+16
2.760817096356677600e+16
2.072519816002477600e+16
2.118548597107738800e+16
1.840904636039909200e+16
2.871905622252305600e+16
2.142720324062715200e+16
2.319626140730621600e+16
2.637588394032098400e+16
2.425082427866455600e+16
1.798752722145874800e+16
2.230495761807346000e+16
2.352908892167671200e+16
2.835083255548938800e+16
1.825696884376987200e+16
2.553559023926731600e+16
2.368800905403079600e+16
2.202438835035173600e+16
1.703540759002127600e+16
2.363025799617388400e+16
2.325959930541506800e+16
2.893490692613864400e+16
2.652275062066076000e+16
1.562304845406855000e+16
2.285315690887058800e+16
2.853717005239994000e+16
2.413355487708733200e+16
2.568084933347353200e+16
1.803159405449184800e+16
2.823211541297982000e+16
2.006305386987114800e+16
2.157733153035328000e+16
3.034676571633775200e+16
2.366230619689852800e+16
2.429864371462567200e+16
2.303909912486592800e+16
2.726245394891746800e+16
1.890595274476530000e+16
2.452704055027646800e+16
1.845722821976213200e+16
2.343851227156273200e+16
2.803389636793251600e+16
2.244354180133760400e+16
2.325920735989613600e+16
2.895943324009740400e+16
2.197235989292905600e+16
3.204052928611898400e+16
2.054837254025322800e+16
2.301820721141982400e+16
2.679121264866596400e+16
2.088325590271955600e+16
2.747399512574412000e+16
2.171375198565855200e+16
2.208807301698025200e+16
1.930049770308221600e+16
2.323665740587561600e+16
2.183204539095035600e+16
2.438104243738976400e+16
2.677220130698513600e+16
2.312174792896546400e+16
2.663946410666254800e+16
2.910054529896377600e+16
2.378420516745410800e+16
2.579302581122023200e+16
2.319074810900117200e+16
1.807462223663376800e+16
2.714083716181435600e+16
2.423402434929836000e+16
2.200588171940856800e+16
2.418768323681005200e+16
2.310681258367856000e+16
2.440598418455996400e+16
2.268343765171704000e+16
2.365493394691124400e+16
2.348414593175941600e+16
2.325794394491060800e+16
2.678174991013668400e+16
3.140103540287742800e+16
1.896673336523648000e+16
2.410603165939819600e+16
2.174581790640763600e+16
1.944963080917668000e+16
2.161853183692468000e+16
2.346663624379057600e+16
2.151099243595143600e+16
2.339938088297090000e+16
2.830848305659141600e+16
2.060856630327164400e+16
2.808233456698926000e+16
2.565604551307275600e+16
2.300016041362077600e+16
2.344963444365144800e+16
2.141945941863607600e+16
2.629854426028061600e+16
2.795993173110453200e+16
2.246982685872060800e+16
2.329634193706098800e+16
2.582945459106913600e+16
2.593153984118330000e+16
2.739917216494092400e+16
2.564809129617258400e+16
2.809646297435456000e+16
2.290809453883464800e+16
2.429557746609990800e+16
2.170827258298824800e+16
2.744434133869828400e+16
2.283821438294607600e+16
2.025424031094148400e+16
2.356083147811142400e+16
2.192763882700576400e+16
2.547191662560361200e+16
1.903059208244380400e+16
2.823292492583642800e+16
2.787942125205436000e+16
2.663956626929459200e+16
1.518499076659996800e+16
3.085546030173842800e+16
2.596324315093762000e+16
2.012895864416964800e+16
1.859211011453295600e+16
1.685452986685093600e+16
2.032049784069805600e+16
2.999517148782411600e+16
2.468391450354934000e+16
2.553686682287351200e+16
1.748834933741507000e+16
2.044603625345634000e+16
2.243606601783770000e+16
2.736313270505582400e+16
1.772273371456513200e+16
2.745643151703659600e+16
2.173153470221456400e+16
2.069514732826274800e+16
2.360717380427589600e+16
2.198797340734740800e+16
2.801570648942592400e+16
1.830476588192908000e+16
2.429376525736716800e+16
2.314920242944622400e+16
1.929956991384111200e+16
2.473638299619647600e+16
1.966209291168987600e+16
2.433754527424861200e+16
2.734933227430309200e+16
2.762305103241444800e+16
1.899315968341029200e+16
2.105671880804676000e+16
2.448326682978971200e+16
2.943491997540152800e+16
2.201948647698223200e+16
1.932500077055352000e+16
2.367181328323954800e+16
2.136858617528324800e+16
1.380546977506523000e+16
2.605355463333325200e+16
1.878882171031463200e+16
3.016574540302620000e+16
2.165241566846186000e+16
2.734322325437655600e+16
1.596665164182304000e+16
2.044209690372932400e+16
2.442596883956748800e+16
1.328025821308233400e+16
1.769670555755854200e+16
2.238397600110386800e+16
2.275891365424044400e+16
2.324665151327579600e+16
2.002202386431194800e+16
1.933487000807845200e+16
1.516076554785141800e+16
2.169050746166366400e+16
1.855139853808557600e+16
2.277532168740780000e+16
1.978035343132539600e+16
1.810594131630922400e+16
1.842216364970587600e+16
1.933147966071676800e+16
2.670548593984474000e+16
1.948574301900152800e+16
2.074216904894793600e+16
2.554606738366968800e+16
2.208934486355147200e+16
2.741669068920562000e+16
2.670720142519806000e+16
3.459471037998434400e+16
2.986817525732610400e+16
2.759448087076273600e+16
2.492634035800490400e+16
2.437118741147739200e+16
2.545919282133173600e+16
1.679166619872420200e+16
2.139717018446097600e+16
2.811606032086727600e+16
1.813104358202886800e+16
1.907318425886391200e+16
2.417664066236306800e+16
2.003930168418831600e+16
2.697729471040511200e+16
2.901742459291054800e+16
1.994072222472425200e+16
1.448495886866162600e+16
3.038671829897205600e+16
2.379899236581255200e+16
2.183944444344781200e+16
2.895481958389932000e+16
2.568050196410805200e+16
1.892755346922922800e+16
1.936386750631349600e+16
2.587214942575474400e+16
2.611123863533733600e+16
2.101027243047932000e+16
2.758502011588648400e+16
2.695899140771351200e+16
3.006552697459032400e+16
2.166400547834002800e+16
1.531339148649589200e+16
2.617149189529915600e+16
1.712969908476945400e+16
2.196466081769683600e+16
2.201369674205025200e+16
2.862055551524530400e+16
2.704537320052004800e+16
1.656480025706146000e+16
2.611466952872953200e+16
2.358203782663970000e+16
1.820612746917332400e+16
2.135584972077304400e+16
2.234974072045349200e+16
2.528774002967236000e+16
2.620406438704712400e+16
3.055061709217660800e+16
1.168212195296558800e+16
2.303949759950782000e+16
2.219675475703383200e+16
2.287733914368875600e+16
2.058430358876779600e+16
2.320113782360234800e+16
2.348760696563800800e+16
2.195131445562476800e+16
2.198473381652060800e+16
2.472169143374378400e+16
2.463580828986056400e+16
2.053214644637029600e+16
2.363096088699475600e+16
1.567463305985863200e+16
3.204721998700792000e+16
2.949327213974268400e+16
1.824108595465050400e+16
2.857790763682960400e+16
2.647193296056617200e+16
2.520157615074152400e+16
1.835754701266802400e+16
1.890877005574855600e+16
2.622268193368470000e+16
2.359511896482629600e+16
2.235039121039400400e+16
2.506631190634191600e+16
8.299097272892545000e+15
2.720858287631967200e+16
2.375785722348080000e+16
2.406474198114319200e+16
2.439191267384193600e+16
2.135656132950327200e+16
2.418846192556708800e+16
2.779388399298933600e+16
2.425321339605050000e+16
2.134953480494200800e+16
2.631143956151545600e+16
2.094690756688800400e+16
2.164133155942547600e+16
2.811975498939120800e+16
2.070110633118590000e+16
2.747365627629507200e+16
2.136666758028283600e+16
1.608320103963738800e+16
2.621411897909349200e+16
2.678830499434044000e+16
1.563448747990433200e+16
1.521027120388606600e+16
2.063395198979454400e+16
2.274198989311643600e+16
2.722395372854219200e+16
2.061520464576927200e+16
2.829343395860765200e+16
2.130801964999080400e+16
2.197816432865907600e+16
2.474002211906220000e+16
2.888174038899791200e+16
2.760989396977686000e+16
2.596020072562514400e+16
1.828253964259215600e+16
1.688680862289141000e+16
1.612538698093720800e+16
2.339806646104308000e+16
2.640529712840848800e+16
2.455205907808041600e+16
2.476696043358835600e+16
1.745724919128424000e+16
2.234488155302557600e+16
2.234639314302353600e+16
2.917484221865872400e+16
2.325295029020456400e+16
3.312577407013877600e+16
2.324529761891679600e+16
1.899252417905990000e+16
2.217849460801167200e+16
2.670471106615248400e+16
2.241368728078865600e+16
2.534897935313535200e+16
2.228454409533773600e+16
2.598192231091768400e+16
2.359300058349480400e+16
2.249672116619449600e+16
2.008358088434005600e+16
2.807642025272043200e+16
2.750769053722329200e+16
2.786275247213262400e+16
2.261604010050552800e+16
2.571871357553991200e+16
2.804015450311261600e+16
2.762468669217973200e+16
2.271997241196995600e+16
1.794388850547100000e+16
1.667506647027768200e+16
2.617042719974219600e+16
2.449042616273592400e+16
2.297194159495501200e+16
1.917753470097562000e+16
2.324739922874729200e+16
2.497883546621526400e+16
1.921491301612704400e+16
2.404003180800510000e+16
9.441241247193926000e+15
1.903633655336044800e+16
2.994021234631271200e+16
2.184732193127111200e+16
2.083093181836925200e+16
2.341383060690504800e+16
2.698639577147476800e+16
2.625175173280285600e+16
1.301368246720509000e+16
2.393070491436713200e+16
1.717971205127792200e+16
1.860964021348266800e+16
2.239108685596423200e+16
2.403528138513492400e+16
2.843147965393006000e+16
2.466163597203246800e+16
2.343140714669736400e+16
2.563657287040203200e+16
2.261530361337427600e+16
2.851429121031280400e+16
2.696032544447312400e+16
2.760511217549895600e+16
2.470851849222747600e+16
3.009966980379769600e+16
2.473555255033892000e+16
2.750768549735928800e+16
1.861935968158786800e+16
2.577550593502564800e+16
3.223506456857340000e+16
2.712466481692669200e+16
2.119991175516237200e+16
2.334811323155325200e+16
2.794310703921273200e+16
2.081253340311028800e+16
2.743542921696207200e+16
2.986832050065822400e+16
2.739824296762928400e+16
2.289406686152390400e+16
2.344542560042250000e+16
2.408245159411355200e+16
2.467527562834214800e+16
2.643843015542978400e+16
2.851087234925668000e+16
2.763259386505992400e+16
2.281566224700919600e+16
2.769761412213106800e+16
2.420252091142397200e+16
2.322169945644267200e+16
2.324632467890972400e+16
2.313734725877083600e+16
2.121860836716126800e+16
2.609172401275192000e+16
2.789726300794486800e+16
2.229185237446356400e+16
1.892088203362350000e+16
2.718934150519248000e+16
2.698374526993036800e+16
2.430453088989316400e+16
1.971442045954343600e+16
2.096185853447522400e+16
2.662519191647990000e+16
2.068897265103847200e+16
2.516677897535455600e+16
1.947782358361885200e+16
1.782630129442504000e+16
2.140464037131820400e+16
2.295995943321880000e+16
2.077313080115063600e+16
2.918060317415275200e+16
2.249349913613078800e+16
8.834018586937543000e+15
2.374017944248857200e+16
2.354432319721353600e+16
2.532568784486776800e+16
2.223818476729962000e+16
1.792137029528428400e+16
3.425491644967138800e+16
2.418448514326232400e+16
1.815874398312995600e+16
2.503166384988164400e+16
2.550712552494150400e+16
2.773875392730792000e+16
2.804001248342300400e+16
1.524051671244514400e+16
2.357680186270755600e+16
2.611134916216268800e+16
2.185267233280989200e+16
2.239893828824488800e+16
2.112253918930162000e+16
1.465266999927146400e+16
1.368188735424879800e+16
2.221531218647028800e+16
3.045699443675118000e+16
2.961039744081950000e+16
2.517607118137876400e+16
2.124454771155598000e+16
2.992990555432177600e+16
2.556634712164238000e+16
2.227025852833788800e+16
2.431407131991606800e+16
2.041540893771791200e+16
3.118207488582559200e+16
2.021700291904912400e+16
2.215480483615712800e+16
1.389469302205233200e+16
2.606176363184811200e+16
1.315661773129751800e+16
2.488122267254072000e+16
2.475785463426613600e+16
3.658604845143482400e+16
1.476293706467423600e+16
2.091438588276662000e+16
3.204003140390725600e+16
1.711434845256659800e+16
2.223933895676106000e+16
2.514349642237087600e+16
2.316377643341519200e+16
2.036463499539554000e+16
2.838426013811184800e+16
2.190204165653918000e+16
2.813284630923746000e+16
2.634380554393474400e+16
2.265344998602938800e+16
2.566054971111275200e+16
2.285496101881584400e+16
2.293113349029204000e+16
1.724830111189355800e+16
1.700049610049896600e+16
2.675238188026287600e+16
2.814453294637450800e+16
2.678929925194845200e+16
2.388787935525652000e+16
2.146418883785958400e+16
1.733623683852163400e+16
2.758941901456416000e+16
1.848580188661017600e+16
1.745006625690910600e+16
2.276184040113933200e+16
2.334645857908390800e+16
1.733468744326495200e+16
2.629059534954381600e+16
2.023965303816910800e+16
2.434547717225425600e+16
1.881127763343688800e+16
1.287399017388029200e+16
2.535644576198523600e+16
2.510679923999953200e+16
1.767987441731284600e+16
2.449834395795972400e+16
2.214223222499013200e+16
1.910062741729025200e+16
2.248926409726094000e+16
2.351946814863554800e+16
2.289190304904650000e+16
1.731318415981778600e+16
2.874295633048468400e+16
1.466387639061082400e+16
2.372478306521054000e+16
2.140709916529219200e+16
1.840260765013562400e+16
1.931279417317625200e+16
2.236864437346770800e+16
2.738120546757444000e+16
2.840255327390725200e+16
2.270539201484762400e+16
2.621849527335302800e+16
2.522352896174110000e+16
1.880501042565408800e+16
1.957939374737375200e+16
3.088603715558934000e+16
3.206425639028514400e+16
2.019882042449343600e+16
2.757603334921860800e+16
2.498735987923090400e+16
2.814482366806866000e+16
2.422881331965447200e+16
2.719741091779790800e+16
2.191934311868902400e+16
2.271249657024407200e+16
2.613729303300825200e+16
2.272265026314938400e+16
2.480943811342528800e+16
2.943450893679692800e+16
1.779226047240791200e+16
2.131027977855493600e+16
2.125195407246559600e+16
2.806298486916847600e+16
2.716855882547704000e+16
1.994043118647926000e+16
2.732767774124059200e+16
1.887557044801188400e+16
1.814521607584308400e+16
3.029433788962845600e+16
2.880022652370622000e+16
2.120149700438116800e+16
2.145238602318506400e+16
2.173145208023280400e+16
3.050101339295746400e+16
1.078998508963290200e+16
2.315194261162811200e+16
1.522276142196234600e+16
2.379921636583779600e+16
2.061727361301067200e+16
2.399598123770576400e+16
2.689558529544492400e+16
2.111148547147612000e+16
2.163801855699464400e+16
2.712348292768362000e+16
2.248789469305890800e+16
1.960256081775754000e+16
2.139754516076865200e+16
1.997407294438148400e+16
2.017591709224533200e+16
2.295396754878880800e+16
8.794455424143787000e+15
2.134059961529842400e+16
2.818490007555299600e+16
2.646709849612706800e+16
2.493768948479131200e+16
2.338844373601960400e+16
3.305385126094036800e+16
2.506090481578947600e+16
2.445146634037583200e+16
1.650361855952586000e+16
2.609162188227740400e+16
1.745859471080872000e+16
2.092754187746724400e+16
2.568290154863467200e+16
1.911754481350743200e+16
1.808289607364718400e+16
1.982043366446853600e+16
2.631844804860672000e+16
2.298637414042855200e+16
1.952214911999204800e+16
2.060855436638413200e+16
2.155895359502160000e+16
1.735376883668654600e+16
2.214162253460523600e+16
1.828747574303569200e+16
2.365880780342190400e+16
2.979780626072468000e+16
1.881627335207031200e+16
2.269685636807157600e+16
1.640734271815184400e+16
2.978621729356046800e+16
2.189916058403644400e+16
2.199216063312231200e+16
1.986880633483141600e+16
2.003756201680674400e+16
1.926403289916979600e+16
1.983029002592387600e+16
2.400881232749517600e+16
1.980118334881604800e+16
2.042495353335854400e+16
1.669875428642053000e+16
1.768803417769714400e+16
1.959078726736560000e+16
2.059257146114225600e+16
1.651852955256305400e+16
2.925983367699563200e+16
2.693325524660516400e+16
3.238221020630288400e+16
2.097975505643617600e+16
1.410452790095515000e+16
3.105727378058722400e+16
2.924147858710686000e+16
2.627773055602311200e+16
2.186665232005579200e+16
1.938268983465982000e+16
2.626352865912105600e+16
2.726651243234571200e+16
2.611321122138403600e+16
2.904812908136343600e+16
2.554103450694440800e+16
1.740049971288653800e+16
2.369425728753391600e+16
2.566765663693612800e+16
2.611085237443782000e+16
3.159193047407052400e+16
2.167402178719298400e+16
2.029270023583785600e+16
2.515247384734759200e+16
2.440298817585340800e+16
3.015672798254057600e+16
2.434094989214685200e+16
2.433824971097418800e+16
2.956721860931819200e+16
3.390511922007240400e+16
3.164353521726596400e+16
2.176336230918604400e+16
2.451546954398832800e+16
1.647855505923065000e+16
2.081409856420807600e+16
2.359102913682790400e+16
2.373940456709597200e+16
2.812535332404702400e+16
2.933465359247514000e+16
2.128497589258430400e+16
1.917709914985354800e+16
2.471471867595034400e+16
2.584513418061440000e+16
2.398403359138469200e+16
1.701225146537480800e+16
2.162734654266574400e+16
2.380081688751784400e+16
2.485590828071918000e+16
1.298447628490173600e+16
2.348345754875541200e+16
1.801157636111589200e+16
2.787195602395317200e+16
1.944590704833047200e+16
2.736395374605413600e+16
1.959536434259758800e+16
2.634426234993482800e+16
3.152288369997322800e+16
2.829609200682563600e+16
2.591840050984797600e+16
2.251913019069387200e+16
2.400172187147842000e+16
2.130806554002807600e+16
2.688841353311969600e+16
2.654399038733051200e+16
2.795522622401212400e+16
3.148952246456292000e+16
2.081442735185577200e+16
1.776946255302653200e+16
2.744371648659045600e+16
2.586047738319722000e+16
2.548792026043568400e+16
1.761368921305969600e+16
2.576583943731304000e+16
2.022336251484564800e+16
2.742440866110350000e+16
2.833903262629666800e+16
1.629202615790521000e+16
2.019741268649038400e+16
2.796281140098996400e+16
2.270787816101926000e+16
1.431066730307422000e+16
3.235246759525302400e+16
2.130678928856624400e+16
2.464534256864399600e+16
3.123013143045370800e+16
1.655277556555166600e+16
2.505870129426654400e+16
2.012122067709347200e+16
1.066819250948659800e+16
2.833800055861838000e+16
2.445445862130033200e+16
1.414836759700110200e+16
2.047977271168152000e+16
2.178413138366224800e+16
3.078786953124745200e+16
2.439546941313962400e+16
2.751730505019004000e+16
2.548068613038952800e+16
2.078269159027525200e+16
2.071491663461353200e+16
2.563239991952397600e+16
2.684465214056777200e+16
2.444142253679934800e+16
1.828500873657828400e+16
1.963550412480945200e+16
1.850905884508337200e+16
1.789914676118214400e+16
2.904760961708367200e+16
2.237440960585343600e+16
2.344725596226724000e+16
1.855677897124802800e+16
2.903133843973242400e+16
2.074225510222856000e+16
2.064735739337596400e+16
2.857185663918870400e+16
2.752613652005409200e+16
9.962181487967602000e+15
2.383463574273878000e+16
2.225289858223782400e+16
2.537438409473628800e+16
2.845495365493010400e+16
2.447399455290119200e+16
2.526645549831586800e+16
2.566846417472225600e+16
1.600226806901808600e+16
3.145521003851770400e+16
2.043530459193242000e+16
2.266873067924278800e+16
2.419958932412163200e+16
1.567758768934684200e+16
2.425233878113762800e+16
2.313994399953041600e+16
2.136527125866269200e+16
2.908186123176758000e+16
2.471088803619987200e+16
2.508436957319650800e+16
2.494282062735754000e+16
2.088234973668578400e+16
2.545758159047999200e+16
2.565878171423176400e+16
3.168470970681102000e+16
2.373659783303343200e+16
2.307562792396546400e+16
2.233163615060390800e+16
2.315333941458675600e+16
2.502828635104513200e+16
2.344874433421742000e+16
2.453439353337170800e+16
1.970911362588659600e+16
2.209516647137481600e+16
2.161957268650170400e+16
2.404925194038474000e+16
1.669667295710477000e+16
1.813106180447132000e+16
2.040369578444305200e+16
3.422743219570269600e+16
2.653775661619276000e+16
2.283199918213714000e+16
2.621961698131096800e+16
2.479598375782692000e+16
2.106439425417652000e+16
2.804908165958120000e+16
1.759375848155319400e+16
2.430501735529262000e+16
2.557619445190367200e+16
1.738553216710027200e+16
1.459636175603245200e+16
2.628374753049791200e+16
2.148082420932812800e+16
2.057490168350715200e+16
2.203835756687819600e+16
2.731187929278479600e+16
3.418725900956196000e+16
3.030104065882887600e+16
2.263797622307558000e+16
2.315809166026779600e+16
2.114157100488254800e+16
2.249017608929138000e+16
2.329004956477620400e+16
1.499640018507145000e+16
2.016408423590052000e+16
1.622928590693691200e+16
2.489252193774367200e+16
1.409170121703932600e+16
2.527847653516352400e+16
2.071013006600112000e+16
2.250727397070010400e+16
1.875240641125617200e+16
2.536293529963152000e+16
2.372917627015928400e+16
2.682325325589770000e+16
2.624972769205616800e+16
2.479204198824489200e+16
2.973236461002949600e+16
2.726031611698668800e+16
1.625389283456453200e+16
3.145679779289619600e+16
2.014819430521432800e+16
3.204395540410969600e+16
2.079531657824353200e+16
2.978177523788115600e+16
2.237065833913135600e+16
2.204706362611507600e+16
2.150366716863427600e+16
2.539194212017547200e+16
2.036009213981583200e+16
2.504495683226342000e+16
2.197314061912099200e+16
1.940945667795867600e+16
1.930715300570700400e+16
1.674156901591382600e+16
2.724619230141008800e+16
1.146250419555635000e+16
1.841722271653560000e+16
2.514119337096955200e+16
2.669603742221647200e+16
2.463216141974185600e+16
2.049042377401569200e+16
2.236358519849588000e+16
2.204603597112980800e+16
2.653905529658530400e+16
1.827217438891354800e+16
1.810192791408069600e+16
2.727692990123813600e+16
2.829047025171374000e+16
2.861639175044531200e+16
1.734108743457854800e+16
1.497936405603168000e+16
2.469663372878444400e+16
2.666089592804183200e+16
2.332418866072632000e+16
1.788315910926333200e+16
2.290572620735355600e+16
2.521308849368169200e+16
2.417770899488077600e+16
3.161238598592570000e+16
2.899042829363834000e+16
2.527837601626417200e+16
2.234180410309472000e+16
1.257031990320656400e+16
2.804631080006092800e+16
1.691509671163645400e+16
1.472736691161027400e+16
2.198478253931591600e+16
3.240372808763427200e+16
2.597825633008250400e+16
1.351425032896557800e+16
2.362054539491669200e+16
2.146285071300401600e+16
1.968677556908680800e+16
2.497846961761219600e+16
1.759221450478980200e+16
2.164307771860816000e+16
1.818882417167492800e+16
2.573489787515316400e+16
3.668062646565716000e+16
2.557982659801492800e+16
3.001745048956010800e+16
2.906519246230741600e+16
2.159907084962524400e+16
1.150775720978805200e+16
3.141532279867020800e+16
1.780824450110260000e+16
3.162138865773264000e+16
1.582213204759439200e+16
2.026676524210380400e+16
1.539191573403183200e+16
1.625833055704109400e+16
2.496683698688235200e+16
2.602736410620808800e+16
2.338162739630391600e+16
2.780706003484962000e+16
2.414589920647805200e+16
2.032738704020189600e+16
1.853768695788118400e+16
1.968473719608998400e+16
2.407156390134852400e+16
2.169640711654725200e+16
2.009980857712739600e+16
2.624307952708240400e+16
2.408677821272705600e+16
2.732386234566059600e+16
2.635083532517922400e+16
2.064887610946619200e+16
2.422557781466212000e+16
2.163742951161308800e+16
3.056985696391130400e+16
2.066118605941118800e+16
2.102420179813930000e+16
2.768633971629157600e+16
2.247495214842424000e+16
2.986603672579314400e+16
2.530635879086768400e+16
2.239041118784931600e+16
1.587001097417834600e+16
2.324369385035655200e+16
2.938554886554280000e+16
2.388672466440929200e+16
1.462371014355412400e+16
2.246876417643052000e+16
2.386482272207746000e+16
2.163451408310930800e+16
2.380416151002160000e+16
2.529897142626524800e+16
3.209147029380930400e+16
2.459240432140195600e+16
2.847181978489069600e+16
2.853102505771451600e+16
1.713036385074473000e+16
2.842408006923333600e+16
1.775875811152434600e+16
2.163211721416011600e+16
2.431716003078756000e+16
3.289330761238989600e+16
2.131480495601825200e+16
2.547917061816196000e+16
2.434241124122223200e+16
2.359993171509666800e+16
2.134315313141356400e+16
1.626391256482350200e+16
1.301010497449797200e+16
2.395714036208053200e+16
1.368079826687970800e+16
1.543606892342266000e+16
2.731805669949721600e+16
3.004456892134398000e+16
2.677105586391864400e+16
3.004582414701558000e+16
2.616290242886577600e+16
1.903824301543981600e+16
2.307595733509434400e+16
2.937393596377222400e+16
1.562689369723819400e+16
1.854386256139296800e+16
1.966308577383105600e+16
2.538305471720832400e+16
2.731840466949211200e+16
2.151619256835856800e+16
2.539955417047756400e+16
2.024006148650403600e+16
3.197245116370565600e+16
2.306332608525478400e+16
2.211870716554246000e+16
2.499723383779032800e+16
1.932477731431382000e+16
2.076699611633282400e+16
1.449308559727722800e+16
2.322500326699700800e+16
2.464304127807784800e+16
2.372372980678491600e+16
1.648933776115093800e+16
2.076034317024763200e+16
2.500856154590270800e+16
1.815452772310720000e+16
2.401796144096615600e+16
2.053274805717626000e+16
2.720143059317990000e+16
2.547692054241828800e+16
2.502933660154726400e+16
2.554672994166772000e+16
2.551501564298658400e+16
1.778186066764868200e+16
2.276188333111133600e+16
2.478230976055381600e+16
2.565590554089073200e+16
2.096118274239510400e+16
2.435986396918156800e+16
1.701164112905752400e+16
2.243226340465187200e+16
1.739801862738505400e+16
1.938537859769892400e+16
2.236916590837468800e+16
8.888794049164849000e+15
2.689367339776023200e+16
2.516582967741056800e+16
2.098748253330917600e+16
1.473774590221694800e+16
3.031263649644066800e+16
2.712947466137082800e+16
2.081785064266450000e+16
1.363489310435880000e+16
2.491129576295752000e+16
2.425784752631709600e+16
3.623645702974058400e+16
2.382965152052206800e+16
2.965889226802068400e+16
2.398393711347556800e+16
2.299374431515796000e+16
1.994142223490794400e+16
2.451150731218169600e+16
1.899218736431724800e+16
2.992880619102973200e+16
2.651085195149303600e+16
2.974837785264838800e+16
2.359680208416013200e+16
1.977532087775481600e+16
2.712017184646901600e+16
