1.395040987675400750e+15
3.498494653910427500e+15
2.149932039139793500e+15
1.924106720583996500e+15
2.177783465792246500e+15
2.815351971343194500e+15
2.324763603600048000e+15
2.374459640319922000e+15
2.364304449878297500e+15
2.045419691303593500e+15
2.315197508465622500e+15
1.737536771672713000e+15
2.719140441790286000e+15
2.015782888477667500e+15
2.140523925825228500e+15
1.436253433677896250e+15
1.561299010728818500e+15
2.350977090123382000e+15
2.900560190090847500e+15
2.310757379768462000e+15
2.722247670171406500e+15
1.148309835092117500e+15
2.974404159202575500e+15
3.421032538603103500e+15
2.319427847722852500e+15
2.266930130881234500e+15
2.335762915377257000e+15
2.615267238864317500e+15
1.728412523137526750e+15
3.612266224368190500e+15
1.852631386443072000e+15
3.062980178149830000e+15
2.685000754042681500e+15
1.886243831163593500e+15
2.159415379350376500e+15
2.472299087102010500e+15
3.948142447405105500e+15
2.191105172591498750e+15
2.929945751052914500e+15
3.299397205427557000e+15
3.478507594921543500e+15
2.385498610773236000e+15
2.730529456188651500e+15
2.022257616187419750e+15
3.130215555828865000e+15
2.855921323224238500e+15
2.815193581509698500e+15
2.796315073006239500e+15
1.829952960841338750e+15
1.362237353321959750e+15
2.659188608352673000e+15
2.832647451819309500e+15
2.389860261825588500e+15
3.530017809726649500e+15
2.279190457976218000e+15
2.050115165594408500e+15
3.882631195173555500e+15
1.915474229019529500e+15
2.129929946093276000e+15
1.738309620948163250e+15
2.077481312381188250e+15
3.403041105456089000e+15
1.944170802578368250e+15
2.330247695206500500e+15
1.792849152125474250e+15
2.367865060823505000e+15
3.695465255841648500e+15
2.216618160124363000e+15
2.757458841528937000e+15
2.684186377523549000e+15
2.484843487967754500e+15
3.642588003501400000e+15
2.937669786741641500e+15
1.062616130673104500e+15
3.422747958649934000e+15
3.578241485835262000e+15
2.759033336144171500e+15
2.826317064130266000e+15
2.822537990790860500e+15
2.562004711280732000e+15
2.400186477110574500e+15
2.941513701731893500e+15
1.720526953753043500e+15
2.294029642060694000e+15
2.944888114733579500e+15
2.933409142073153000e+15
1.194755939134155500e+15
2.325652513360130000e+15
3.514197927298623000e+15
1.628621586972104250e+15
2.532404496153325000e+15
3.635430896826766500e+15
3.092388939541950000e+15
2.437153713790997000e+15
2.960143995536756500e+15
2.836510900348401000e+15
2.353454636594557000e+15
2.159958833606866000e+15
2.232644787780353750e+15
3.882587459769505000e+15
2.948715545325510500e+15
1.614844866351105000e+15
2.629530959875752500e+15
1.784596847551916250e+15
1.256717709897338000e+15
2.368868189425719500e+15
2.042938106864043750e+15
2.305702455647452500e+15
2.892395942001540000e+15
1.126100322703188500e+15
2.084374845705630500e+15
2.498249590482421000e+15
2.133217527868900250e+15
1.972569742139370750e+15
2.742237095260714500e+15
3.412664481955632500e+15
3.285088738362186000e+15
3.795347024018442500e+15
3.390400931542760000e+15
2.212535668656057750e+15
2.183383783280694250e+15
9.049765714684388750e+14
2.633120708581583500e+15
2.899723427655918000e+15
2.217413973172757500e+15
2.581411348453397000e+15
2.101037469065226500e+15
2.888547912104980500e+15
2.446782753193563500e+15
2.720338474734842500e+15
2.829231979098355500e+15
3.025704473089539500e+15
3.431624868295878500e+15
2.857569133784944500e+15
2.240207396694851250e+15
3.094851123120281000e+15
2.991107009363745500e+15
2.997889741661233000e+15
2.807038989628768000e+15
3.086212050001101500e+15
1.457557647389701500e+15
3.327137066098565000e+15
2.630306998591005000e+15
3.728646333651764500e+15
2.930448512411387000e+15
3.306470468582677000e+15
2.720079483613479500e+15
1.600138043085230750e+15
8.796187593393150000e+14
2.718976596591726500e+15
2.564370342785832500e+15
3.208674763054378500e+15
2.340503684871724500e+15
1.732777920253594750e+15
3.233742781076841000e+15
2.175153355832557250e+15
3.398076883476977500e+15
2.330066960017000000e+15
2.945278203809246000e+15
3.135662510793667000e+15
1.852859344624803750e+15
2.412276007224930500e+15
2.402321648995385000e+15
1.726359937949915500e+15
3.029978352000665000e+15
2.098439006763454500e+15
1.366567853286032750e+15
2.537075421368376000e+15
1.599725057684523250e+15
2.497778209460946500e+15
2.552623287095144500e+15
2.071101658610379000e+15
2.121427418045292000e+15
2.518892869642286500e+15
3.395244853709186500e+15
2.873214742629986000e+15
2.071468519394282250e+15
3.422694534981437500e+15
2.380550038105817000e+15
2.727112047082569500e+15
2.597591226163557000e+15
1.854950775926943000e+15
1.370537651368454500e+15
3.351993982119829500e+15
1.610812883431728500e+15
3.381631872883590000e+15
1.494071049837760500e+15
1.526073833096598750e+15
2.805262008886899000e+15
3.020081067857650000e+15
2.359758092388782500e+15
2.527182187695175500e+15
2.437444297280351000e+15
2.990233443696888500e+15
1.460028465453506250e+15
1.499972146665690750e+15
2.871870699820115000e+15
1.558619512712032250e+15
3.265225586538068500e+15
3.260247046634866500e+15
2.721222425035436500e+15
2.873547783717068500e+15
1.915514217258855250e+15
2.078169803599791250e+15
1.587415944721411000e+15
2.806507031593633000e+15
1.207066690632653500e+15
1.372973571111510500e+15
2.926568676791679500e+15
1.219184845709624250e+15
3.254503341207150000e+15
1.761738955850841250e+15
2.135707641971495500e+15
3.174459316325636500e+15
2.770584050211691500e+15
2.570897209096307000e+15
3.298159702265671000e+15
1.670337977052719500e+15
3.068451940615991000e+15
2.890616277364399000e+15
2.644345732757026500e+15
1.496507785013856500e+15
3.056606731004394500e+15
4.014577926008447500e+15
2.243691375058289250e+15
2.671605189173426000e+15
3.502977378288967500e+15
3.001360865754423000e+15
1.661880646587793000e+15
2.320225761587449500e+15
1.816996921555987500e+15
2.850369191272122500e+15
2.670915778732700000e+15
2.834453473102549500e+15
3.455955326996257500e+15
2.135684238650019750e+15
3.119777742756122500e+15
2.140909544707406750e+15
2.586040436366198500e+15
1.845038894617528750e+15
1.681260424385843750e+15
2.560952691162099000e+15
2.188341218949766250e+15
2.609240036410887500e+15
1.977427393226919750e+15
1.875125317672908500e+15
1.357580629228785750e+15
2.573580636077857500e+15
2.520629904209160500e+15
1.753309294365933750e+15
1.660822044809190000e+15
1.521724571501857000e+15
2.468580346487518000e+15
2.419929410460044000e+15
2.231278048842887000e+15
2.385144868148687500e+15
1.415590000607201500e+15
2.628143760005168000e+15
2.481876794936923000e+15
1.905426618977668500e+15
1.720433509651910250e+15
2.093701266745660000e+15
2.827277723024594500e+15
2.537399332309445500e+15
2.129199608422665750e+15
1.916105782251555000e+15
2.122327824156496000e+15
2.347842170145822000e+15
2.363028589206975500e+15
1.974037094514084500e+15
2.060228333092982750e+15
2.265991323206107000e+15
2.123282703121411250e+15
2.135184881195437750e+15
2.360083735471269000e+15
1.858538517724844250e+15
2.703734020282081000e+15
2.894306797915430000e+15
1.857009744576401750e+15
2.472897506846207000e+15
2.598501824391359500e+15
1.536008848994113000e+15
2.162017951680031250e+15
1.875685762828057750e+15
2.939658325159644000e+15
1.586875916824459000e+15
1.922494265618024000e+15
2.012588389695219000e+15
2.992787680908922500e+15
2.251088581013013000e+15
2.602999449419260000e+15
1.718451910551022000e+15
1.774364200138369000e+15
2.597396181825521500e+15
2.819296604695450000e+15
2.948069853434188500e+15
1.203052740152171750e+15
2.202794741669676000e+15
2.340806015128309500e+15
1.758781591268342250e+15
2.494303878792478500e+15
2.612143916282704000e+15
2.506966357311094000e+15
2.697289253062239500e+15
2.595354990367960500e+15
2.659868496026671000e+15
2.012284309382217750e+15
1.985850190101613250e+15
2.090961495136902250e+15
1.769277713368275750e+15
2.581438432620738500e+15
2.249128881859307000e+15
1.970158184655261250e+15
2.592903463072484000e+15
2.416324398649733500e+15
1.900062694496438500e+15
2.322005152821394500e+15
2.136349401025517000e+15
1.737161839059914000e+15
2.488586767257962500e+15
1.726415182508759750e+15
2.079891750649598250e+15
2.323870434396545500e+15
2.099762070373281500e+15
2.834196287387050000e+15
2.496405604459172000e+15
2.382371834866299500e+15
2.151378708311357750e+15
2.412043491362167000e+15
2.598807104593125500e+15
3.324000422007938000e+15
2.995117637854687500e+15
2.347042999347823500e+15
3.150588471716621500e+15
2.759662292645390000e+15
2.063544809475281250e+15
2.754124453130342000e+15
2.438372556776292000e+15
1.677377398459332750e+15
2.347565439924329000e+15
2.599673587612311000e+15
2.044403727618911500e+15
1.469945193333739500e+15
2.532816817944378000e+15
2.537849978170473500e+15
2.398301354820854500e+15
2.237936367382564250e+15
2.101235579281922250e+15
3.721126824509134500e+15
1.621935483089072250e+15
2.731853734149140500e+15
2.779279067986329000e+15
1.964463908905746250e+15
2.344361021659897000e+15
3.282382593458497500e+15
2.780680032976837500e+15
2.768416088509867500e+15
2.426555564528203500e+15
2.729007865020705500e+15
2.655776137110536000e+15
3.419116531033156000e+15
1.765647138209118750e+15
2.589731670767685500e+15
2.313781033100306000e+15
1.772719582868818500e+15
1.893991101421989750e+15
2.120451771035050000e+15
1.882317839752528250e+15
2.315187369501866000e+15
1.962625588835574750e+15
3.439623144636825500e+15
3.036766737375828500e+15
1.948422518372672000e+15
1.785218251369381000e+15
2.266486147371054000e+15
3.257851283622642500e+15
1.947744606160996250e+15
1.867125311411796250e+15
2.133989721979822000e+15
1.288398718118146250e+15
1.807351239265021000e+15
2.320027333032951500e+15
2.686526876304196500e+15
2.427387970947207000e+15
2.600355240263088000e+15
2.389815834809795500e+15
2.610796743413929500e+15
1.888064819322916750e+15
3.019732514513509500e+15
2.061447047072591500e+15
2.479730771188990500e+15
2.177262932508895500e+15
1.474456000595676750e+15
2.877912719929858000e+15
2.967101731409510000e+15
1.649959090050349250e+15
2.067796624405836000e+15
2.054401557519841000e+15
1.761913081187989500e+15
2.368618870435233000e+15
2.332958784567175000e+15
1.566341938426497500e+15
1.790395193511957750e+15
1.804001759570728000e+15
2.471431435978608500e+15
2.280776647748613000e+15
2.090597873488067000e+15
2.182411966033905500e+15
3.445433490456551000e+15
3.268290164520972000e+15
2.686384156061792000e+15
2.294097950619979000e+15
2.245885588360662500e+15
1.801553303940620250e+15
2.536877979236419000e+15
2.308544374488865500e+15
2.550012707314840000e+15
1.935304945937139500e+15
2.397147176100969500e+15
2.261723121582695000e+15
1.911968985545227000e+15
2.333261680912216000e+15
2.578684075722273000e+15
1.965115584565608250e+15
1.960919188102965500e+15
3.202529741264736000e+15
2.049722100719564750e+15
2.016767781831771500e+15
1.938372031353133500e+15
2.710496595171503000e+15
2.845384409952352000e+15
2.938254355358598500e+15
2.321898007218188000e+15
1.478103152387048750e+15
2.854231221467325500e+15
2.409766792583236000e+15
1.986328051381928250e+15
2.246842445580370750e+15
2.222415197011648000e+15
2.007026780632066250e+15
3.231543078042770000e+15
2.510783806613253500e+15
2.311163300266597000e+15
2.751961840371372000e+15
2.721679765182445500e+15
2.377094017817070000e+15
1.657687734676985250e+15
2.390670720695120500e+15
2.429445968481453500e+15
2.901785841693283000e+15
2.728420063028172000e+15
2.828668185489608000e+15
2.602842199184336000e+15
2.182980405705550500e+15
1.365738047092268750e+15
2.644013450293809500e+15
1.320619977783997500e+15
2.421021578046682500e+15
2.756422539182041000e+15
1.721922988521168250e+15
2.480384981283447000e+15
2.180880496424908750e+15
1.533189037021871250e+15
2.649285169082108000e+15
3.158189650703577500e+15
2.641773753288886000e+15
2.227715441656877750e+15
1.825078712043762000e+15
1.883416385874425250e+15
3.119002553099279500e+15
2.874524649998697500e+15
1.559327108371530250e+15
2.785378409965625000e+15
2.621024254930718000e+15
3.097107153107109000e+15
1.897443637461878000e+15
2.263623388143529000e+15
2.346026960810269500e+15
1.659420672244442250e+15
1.374665008337067000e+15
2.758817329339268000e+15
2.125710570907725000e+15
3.066689957510128500e+15
1.774894928113455750e+15
2.022578251280798750e+15
3.212047218710539000e+15
2.891651030281427500e+15
1.677090953004951750e+15
2.568372026183491000e+15
1.897394633866907000e+15
2.234310212333610250e+15
2.667570590563013000e+15
1.714740264847974250e+15
3.429522887520885000e+15
1.225309916752475250e+15
2.538392502608017000e+15
2.041223869421006750e+15
2.082286137844895750e+15
2.034144440852074250e+15
2.822528717287186000e+15
2.810734019291369000e+15
2.738007504889546500e+15
1.470347689768167750e+15
1.676954211709411000e+15
3.526235635124060500e+15
2.399168489522974000e+15
2.241989094262801250e+15
2.440334038443049500e+15
2.307545206784640500e+15
2.837514036527243500e+15
1.601333656556974750e+15
2.775868758973339000e+15
2.220128546149801000e+15
2.784105210398137000e+15
2.288348647949854000e+15
1.552203339729263500e+15
2.236123731184255250e+15
2.293348036058221000e+15
2.711140741485229500e+15
3.668260208634071500e+15
2.136611255519503250e+15
2.643901297991637000e+15
1.596598054880633500e+15
1.785814886548929250e+15
2.990587542271204500e+15
2.786568963303047500e+15
2.024782779062450250e+15
1.974158213209870250e+15
1.936962575646566000e+15
2.631369007841720500e+15
2.265787111961220500e+15
1.797602876291249250e+15
2.438604776479667000e+15
2.380919700102561000e+15
2.698748031615361000e+15
2.621933681690791000e+15
2.085233061308230750e+15
1.964267076981197000e+15
2.916785658458611500e+15
3.338421201313940000e+15
1.957150814402721750e+15
3.057803810164242500e+15
2.339420072583299000e+15
2.166329318980868750e+15
1.972010074142940000e+15
2.177346485760606750e+15
2.137464409404458500e+15
2.647907547485004000e+15
2.310694022318939000e+15
1.531693729783817000e+15
1.388042812816826750e+15
2.198788829758383750e+15
1.638713172383360000e+15
2.709172831612558500e+15
1.952995792508882750e+15
2.827789042648325500e+15
2.385934014082993500e+15
3.092307991149456000e+15
1.827908348044450750e+15
2.307066532674043500e+15
2.344144645004787000e+15
2.393978396576996500e+15
3.216243615643650000e+15
2.774209082155577500e+15
2.575477253866440000e+15
2.127131092030285000e+15
1.909498275881313750e+15
2.220871613461048250e+15
3.538377391289705000e+15
1.931717790580729250e+15
2.387754123407188000e+15
2.754916799303077000e+15
2.279977146762679000e+15
2.690591074479807000e+15
2.722313333739775500e+15
2.694823821595443000e+15
3.580492174959047000e+15
3.224103127433112000e+15
1.899734261570184500e+15
1.352068300520636250e+15
2.136912174038457250e+15
3.400290537612421500e+15
2.119270503167646750e+15
1.834712482771945500e+15
1.852586045790753500e+15
1.670849362018880750e+15
2.702634837604708500e+15
2.190435883957084500e+15
2.780844002305931500e+15
2.596166397064711500e+15
2.761286157223885000e+15
2.098191519820101250e+15
1.893428253007754000e+15
3.343505815238368000e+15
1.416345670152735250e+15
3.010105280384215500e+15
3.360943641812152000e+15
3.084656453469038500e+15
2.706046201791589000e+15
1.008092294822633250e+15
2.676220420862486000e+15
2.714481862870197500e+15
1.867202755041225750e+15
1.898017178350469500e+15
2.499168639691696000e+15
3.468498130377998500e+15
1.458192325856292500e+15
2.222131232519546750e+15
2.197032718454227500e+15
2.012439801654506500e+15
3.308669547367835500e+15
2.346748170779707000e+15
1.683868506699510000e+15
2.346101692809906000e+15
2.218966571807150750e+15
1.910925931036545500e+15
2.210132640892298250e+15
2.585990923062637000e+15
2.660052829846285000e+15
2.796119529974294500e+15
1.912334046571352500e+15
2.427359109837808500e+15
3.446156842787709000e+15
2.736362246917850000e+15
2.699550934843011500e+15
3.159797685533068000e+15
3.268985352982729500e+15
2.344585582833804500e+15
3.341535588116865000e+15
2.709995185181078500e+15
2.805294578508639500e+15
2.128034239668851500e+15
2.287837222351656000e+15
2.156297067113037000e+15
2.421681606144621500e+15
9.457725152534613750e+14
2.607624624104894000e+15
1.827961270410839500e+15
3.017310440486938000e+15
3.455093098671703000e+15
3.175587642647393000e+15
2.827329482638021500e+15
2.393876375210537500e+15
2.165382604307384000e+15
2.795288793220064000e+15
2.741313395795041000e+15
3.585856625989062500e+15
1.870118873865263250e+15
2.505330468213209500e+15
2.536628247818895000e+15
2.158744025425693750e+15
2.641250840451820000e+15
2.070073013694212000e+15
2.288606626103326500e+15
2.428305486077812000e+15
2.090072967194575500e+15
3.128972082439015000e+15
1.837894794621726000e+15
2.594171752321705000e+15
2.586012683872489500e+15
2.714599568853963000e+15
2.717979462770037000e+15
3.924657006283233000e+15
1.789597842291993250e+15
2.315427095284660000e+15
3.179481270726101500e+15
3.274829907498883000e+15
3.053503097400902000e+15
2.294332551324789000e+15
2.337157615055894000e+15
2.393369907638852000e+15
1.675033625598595000e+15
2.300183105620172500e+15
1.733132043166858500e+15
1.705735909543139500e+15
2.416714254189177500e+15
1.678046865164783500e+15
2.119153203801028000e+15
3.241131239948224000e+15
2.594877462463054000e+15
1.519501608126186250e+15
3.322679660170313000e+15
3.508041581159145500e+15
1.486240843619557750e+15
2.730462011087653000e+15
2.626758957694499500e+15
3.555916491092252500e+15
2.318591737147638000e+15
2.922770051506243500e+15
2.237278446269491000e+15
1.995256056936194500e+15
2.050560996918651500e+15
3.452178645067485000e+15
3.723077629880656000e+15
2.862785702518175000e+15
2.584307400326468000e+15
3.235120826514396000e+15
3.037634570685684000e+15
2.803237268426479500e+15
3.549099365526715500e+15
2.143837536977560750e+15
2.226282565164247750e+15
2.573773288122641500e+15
3.007121642700236000e+15
3.714832013229289500e+15
3.414873226946227500e+15
2.361969332628430500e+15
3.338815416405206500e+15
1.532489188965121000e+15
2.333632174222913000e+15
1.690213919605718750e+15
2.918393517032267000e+15
1.348770497391609500e+15
3.442051872738584500e+15
2.645292654039041000e+15
2.589425469278068000e+15
3.312067495873414000e+15
2.052373442858904750e+15
3.200198699636475500e+15
1.855834611267306000e+15
2.413251673650842000e+15
2.536438722091169000e+15
2.710676664084220500e+15
1.612335495990535000e+15
1.636612854427519750e+15
2.196887677292691500e+15
1.732226699983650000e+15
2.005721245403274000e+15
3.044405807962605000e+15
3.037589305959654000e+15
2.629600648814936000e+15
3.830343521194069000e+15
2.791009809983535000e+15
3.520155580848916000e+15
2.666249009385955000e+15
2.485214272186614000e+15
2.329409429024375500e+15
1.855297266593183250e+15
3.664298547027012000e+15
2.314873579703649000e+15
2.332893596834888500e+15
2.910315336543027000e+15
2.684083489392527000e+15
3.343467117618330000e+15
2.157813138976616250e+15
2.094823959041761250e+15
2.336506879266017000e+15
1.723593526493192000e+15
3.237048568243420000e+15
2.301669947028260000e+15
3.458038900208939000e+15
1.967200905800362500e+15
2.237916996901233250e+15
2.627651074422233500e+15
2.114816529550361500e+15
2.747126199666500500e+15
3.400748237892907000e+15
1.873640668090856750e+15
2.433112824181174500e+15
1.546210955387673250e+15
1.640335922061441750e+15
2.216042026754922000e+15
2.801987738295709500e+15
1.212650308787022250e+15
2.664220674758562000e+15
2.934259945284873500e+15
1.683573489803652000e+15
2.481249691137435500e+15
1.838845146154640250e+15
2.490442629331152000e+15
2.428399243324813500e+15
1.304663125711491500e+15
1.959638751152735250e+15
2.757815592271754500e+15
2.406304834189249500e+15
3.184213972561295500e+15
1.933098098037874750e+15
2.948005627486660500e+15
2.083827564535783000e+15
2.698582126423555500e+15
1.572556050704310250e+15
2.734685163615869000e+15
4.124578558223924000e+15
3.788331325130306000e+15
2.407410778613957500e+15
2.555333853709083500e+15
2.064043341610017250e+15
3.387168354111661500e+15
1.986336433713853500e+15
2.855139962190170500e+15
2.308139096160872500e+15
3.081257919630849000e+15
1.157929904991234000e+15
2.674266739425346500e+15
1.962755221394157750e+15
3.430004855765166000e+15
2.081470412100528500e+15
2.931137385464920000e+15
3.952638541488573000e+15
1.831396992513914750e+15
1.803461693996419000e+15
2.166396826471790000e+15
1.170484788589180750e+15
3.567467655148309000e+15
2.208397895328949000e+15
1.859933716211389500e+15
2.373701523694311500e+15
2.741609220528172500e+15
3.382630794671532500e+15
2.394109422145644000e+15
3.140231308440565000e+15
3.008350208730249000e+15
1.626828458965542250e+15
1.185557565870962250e+15
1.590153834170216000e+15
1.453565995187620750e+15
2.624128165019182000e+15
3.515748928759877000e+15
2.129660789619136500e+15
3.001602422457261500e+15
2.297010961261935500e+15
3.960949227726189500e+15
1.820848249111915500e+15
2.509779345387240000e+15
2.967463802355621500e+15
3.271980090935617500e+15
1.890938693461291500e+15
1.660919959657038750e+15
3.282555672177731500e+15
2.442885099973256500e+15
3.344740935668509500e+15
2.289185794957319500e+15
2.756879647061393000e+15
3.576017788209299000e+15
2.489581456833256000e+15
3.445121545719749500e+15
3.314529127468014000e+15
2.357128922650441000e+15
2.740879089601135500e+15
2.322289771607512000e+15
1.941457271513556250e+15
1.708335185284781000e+15
2.993510382800842500e+15
1.583927935609792250e+15
3.509293814612827500e+15
3.462264141318458500e+15
2.597269968510268500e+15
2.821210638259016500e+15
2.756648753745075500e+15
3.039462298132471500e+15
2.032219789192369500e+15
1.961273714816675750e+15
2.542289987563885000e+15
2.240560574254548500e+15
1.449648245972344750e+15
2.948777807136510500e+15
2.602309683918774500e+15
3.381045518330744500e+15
2.742205013630964500e+15
1.856698993059651500e+15
4.090086423008866500e+15
2.643735166340547500e+15
2.971236426713171500e+15
1.608343869399965000e+15
3.748640291424966500e+15
1.200971418472376250e+15
1.918013269358005000e+15
2.224741315571954000e+15
2.860920512140460000e+15
1.720339172051020000e+15
9.707761077011488750e+14
1.244236962687636000e+15
2.495865486998391000e+15
2.964326459700710000e+15
2.603366944616417000e+15
2.700145854507237500e+15
2.167372787337499250e+15
2.485135467097680500e+15
3.318312398896118500e+15
2.125108791519872000e+15
2.516117872033536000e+15
2.118368007296348000e+15
2.208482205655686750e+15
3.253939288817078000e+15
1.438602337516147750e+15
1.737268832430387500e+15
2.675005687330451500e+15
1.681939561127301250e+15
2.535676769482897000e+15
2.205701267317798250e+15
2.900885390916351500e+15
2.126676237631374500e+15
2.319783584444509000e+15
3.595843138352424500e+15
2.565930390202541500e+15
2.678131616436847000e+15
2.980214947054594000e+15
2.428080009133120000e+15
2.479510740332535500e+15
2.476480050263806000e+15
3.280531376344415500e+15
2.724706242270765500e+15
3.333451803739238000e+15
2.836584533973964000e+15
1.911702788274137250e+15
2.073360319228964250e+15
2.282062540046701000e+15
2.473715571273064500e+15
2.681715952093037000e+15
2.457460552562876500e+15
3.184092047215585500e+15
2.418546954846440500e+15
2.508610424939130000e+15
1.402150785497405250e+15
2.324899436351796000e+15
1.566343508368375000e+15
2.353303633686440500e+15
1.626068316199734750e+15
2.418793264686403500e+15
3.756497234379996000e+15
2.115555939066419250e+15
2.089765677981478000e+15
2.821333040071609500e+15
2.008269527607547000e+15
2.129350115393979500e+15
3.794864451486692000e+15
2.083912599470306500e+15
2.411329246531456500e+15
1.994641957297571000e+15
2.667043392678178500e+15
2.515007624441039000e+15
3.904777181727047500e+15
2.071319551236973500e+15
2.509742271204111000e+15
2.699862894941985000e+15
1.933091518715135250e+15
3.146104672377113000e+15
2.319139476159714000e+15
1.188386367273878000e+15
2.283439016220541500e+15
3.150046038501775000e+15
1.380490770455492750e+15
4.009077779283871500e+15
2.433855619305784000e+15
1.837880795221700000e+15
2.791728013869823000e+15
1.901225642532234250e+15
1.228454359223895000e+15
2.132282823796350000e+15
1.059644904204548125e+15
2.391324880002390000e+15
2.017393347557831000e+15
2.004240325493258500e+15
1.842011467780918250e+15
2.168536284251406000e+15
2.708873417373088500e+15
1.444975767938805500e+15
1.997604923950042750e+15
3.349680118775956000e+15
2.633986543913665000e+15
2.533004643215359500e+15
2.423688154215160000e+15
1.704221174364113000e+15
2.271750868883797500e+15
2.963202146839298000e+15
2.166823217021453250e+15
2.871498151171542000e+15
2.709878957101450500e+15
9.286282348947281250e+14
1.736416809240412250e+15
1.746830107784597000e+15
1.715477178392970500e+15
2.811004132905611500e+15
2.818415252877454000e+15
1.765415196098143000e+15
1.918346746074217250e+15
1.368032435517084750e+15
2.500600168163592000e+15
2.971036456391253000e+15
1.575669605025615250e+15
2.845699397664453000e+15
1.672623309029281500e+15
2.415500240574150000e+15
3.597193262207425500e+15
3.206541189923702000e+15
2.556536746510125500e+15
2.648365796451375000e+15
2.259106294453647000e+15
1.520145908762463500e+15
1.928220382854535000e+15
2.226393531619381000e+15
2.569561003305225000e+15
2.821270910393072000e+15
2.789108005436269000e+15
3.154862595190054500e+15
2.099053097792787000e+15
2.857459732543636000e+15
1.954427044874729500e+15
3.762319328328885500e+15
2.302938990774140500e+15
2.269041876484939000e+15
2.698989260254324000e+15
1.739129963346841750e+15
3.473672045299069500e+15
3.248234478576935000e+15
3.955062432056144000e+15
2.655533652774473500e+15
2.404024035643986500e+15
3.821787131143992500e+15
2.843448347273588000e+15
2.816872352867839000e+15
3.165816645078817500e+15
2.857405551605234500e+15
2.471720541739768000e+15
2.452332150128288000e+15
2.228676244425924250e+15
2.533176363015407500e+15
3.453044856460733500e+15
2.783127279325052500e+15
2.121038944759258500e+15
2.521847744679548000e+15
2.152179180427703250e+15
1.903882923444357250e+15
1.682788034902189000e+15
3.100640843121889000e+15
1.423953125280573750e+15
2.827489893765271500e+15
2.761898612736445500e+15
3.323816593445624500e+15
2.377912524931395000e+15
1.824841890841890750e+15
3.180220825453588500e+15
1.530746194599338750e+15
2.301972902146775000e+15
2.176927058666329500e+15
1.885801894265227250e+15
1.603753812898546000e+15
2.503394858567018000e+15
2.104609171533936000e+15
1.914364545342912250e+15
3.367972719673487500e+15
2.026556152945129500e+15
2.605962014080984000e+15
3.208792101498775500e+15
2.535689111860373500e+15
2.491124741240260000e+15
2.095093046737827000e+15
3.096282477962743500e+15
3.111842117429156000e+15
2.784421119611822000e+15
2.408849977431019000e+15
1.866033612192129250e+15
2.718510221442170500e+15
2.800212419659473500e+15
1.747671886350786250e+15
1.548399629761278250e+15
2.095890899944378250e+15
1.309014613102510750e+15
2.198294069211318750e+15
2.528456627149113000e+15
2.939362226008522500e+15
2.374155990764751000e+15
2.377144908965240500e+15
3.373944561237114000e+15
1.697899863819762250e+15
3.293745239959223500e+15
2.388300418900383500e+15
2.096001117974163750e+15
3.065668574990117500e+15
3.049160333607218500e+15
1.330059843064765750e+15
1.915455529761850750e+15
3.192884360207590500e+15
2.536716253028009000e+15
2.947213597725951500e+15
1.745276128407543500e+15
3.167974383576689000e+15
2.610131076015319500e+15
2.166781312943368750e+15
2.751483144328618500e+15
2.559808099418821500e+15
2.902864017231581000e+15
3.743513911647399000e+15
3.402187194967396500e+15
2.160261810367655000e+15
2.014808270476322250e+15
3.072697805841434500e+15
2.530174606466763500e+15
4.567709694279351000e+15
2.435640560658342000e+15
1.830596955739580250e+15
2.634502829784250000e+15
2.901471436561206000e+15
1.583588888711806250e+15
3.369639831527507500e+15
2.403059869887478000e+15
1.782755024280957750e+15
2.058065067990470250e+15
1.901946404398789000e+15
3.337277648306986500e+15
2.418048981811956000e+15
1.973380325788172750e+15
2.134097526349230500e+15
2.217462995888628750e+15
2.024786928308336500e+15
2.655453732754261000e+15
2.988697797174147500e+15
2.593580291985380000e+15
1.930440507530464000e+15
2.399628284124299000e+15
2.652667352713669500e+15
2.007041492712436250e+15
3.136917077264798500e+15
1.873818593424239250e+15
2.332745467526569000e+15
1.456843949255314250e+15
2.509984564862515000e+15
2.648204913536030500e+15
3.525738342051638000e+15
2.706457936298624000e+15
2.731847052819659500e+15
2.654384972958797000e+15
3.197192458882542000e+15
4.322221212446382500e+15
3.369432866955438500e+15
2.720891256230016000e+15
1.685711818264938250e+15
3.650880126287174000e+15
2.927701327510336000e+15
2.936717073190859500e+15
2.553289008905995000e+15
2.463250301730288000e+15
3.967022988360041500e+15
2.177294012360066500e+15
3.670541650613031500e+15
1.990345163782411000e+15
2.815854371529314000e+15
1.435153247972638500e+15
2.199072257205234000e+15
2.890941071105877000e+15
3.224829250336877500e+15
3.163030368599387500e+15
1.599681440542588750e+15
2.585334603614768000e+15
1.724234689839917750e+15
2.597898047324927500e+15
2.684298205997286000e+15
2.809522046828705000e+15
2.440165571746727000e+15
3.125878161279603000e+15
2.484946311625788000e+15
2.146534500457743500e+15
2.873549557364709500e+15
2.642185460443277500e+15
3.130185615026438000e+15
3.811392675289047500e+15
2.710444703074466000e+15
2.527656617256789500e+15
2.794797883446715000e+15
2.651810056988360000e+15
1.844594590416462750e+15
2.813181171591564500e+15
9.500672323111415000e+14
3.079483477781510000e+15
2.236176106656211250e+15
3.174045809208782500e+15
1.955258353376989500e+15
2.934663707406968000e+15
2.280765915716288000e+15
2.142636124833105500e+15
1.653473525953607750e+15
2.859852121954742500e+15
2.381374292825392000e+15
2.467234227605162000e+15
2.155125710683942000e+15
2.058825505193210500e+15
2.542119944631689000e+15
2.795606195605696500e+15
1.694063510330310000e+15
3.756244662239290000e+15
1.892509249740011250e+15
1.724797978380566750e+15
2.440471799311474000e+15
2.601288985855002000e+15
2.201300826860082750e+15
2.160631596539080250e+15
1.780574370070013000e+15
3.692760657021037000e+15
2.491416890201688000e+15
1.844199600455626750e+15
3.192908093549211500e+15
1.664654616150458500e+15
2.579838731379888000e+15
3.581739461272898500e+15
1.894522522410433500e+15
3.315390689504927500e+15
2.898532540810697500e+15
3.405223374781783000e+15
1.679399287604218250e+15
1.456050853849695250e+15
2.009454921287930750e+15
2.383243376573151000e+15
1.520485044186000500e+15
2.717350268302459000e+15
2.321531021191939000e+15
3.437361104265329500e+15
2.279850697895205500e+15
3.649076645258014500e+15
2.326254505903930000e+15
1.596523403305393000e+15
2.690540122809075500e+15
2.168532318936542000e+15
2.546139444066157000e+15
2.439584532233423500e+15
2.566289367931207000e+15
2.327709310180300000e+15
4.147330263261297500e+15
2.372428567382914500e+15
2.158633410231715250e+15
2.714335899777152500e+15
3.072901526825640000e+15
2.356881426490230000e+15
2.086938961318924250e+15
2.584470467918238500e+15
2.874477991337535000e+15
2.247708293206630750e+15
2.543093057269929000e+15
1.966365204483758000e+15
2.044161341756446000e+15
1.600028361352884250e+15
1.424957378889492750e+15
1.915273227778833250e+15
2.993698291436960000e+15
1.710710639168459250e+15
2.371512341332068000e+15
3.837776966165769000e+15
1.577470012996420000e+15
2.752754340894977000e+15
2.639443137382353000e+15
2.533737590560556000e+15
2.170213046947107750e+15
1.327083454680135750e+15
2.127941924752093500e+15
3.057568720135786500e+15
2.937276158195308500e+15
2.959450485161309000e+15
3.402979470693099500e+15
2.554643300450848000e+15
2.951637392532954000e+15
2.461915437507225000e+15
2.434393758641868000e+15
2.231365581954681000e+15
3.401002199631871000e+15
1.902950841630167500e+15
2.593923330333649500e+15
1.726287944086405250e+15
1.706301203671147750e+15
2.182023304229360750e+15
2.708521124425610000e+15
2.943419484021280000e+15
2.700832777616185500e+15
1.636206576292206750e+15
1.611697405150548000e+15
3.299857053931454000e+15
2.202151969469689250e+15
2.805053916402708500e+15
1.198818127982849250e+15
8.872785110419396250e+14
2.829388838197534500e+15
2.413139279481493500e+15
2.821205544055448000e+15
1.717709460700000250e+15
2.880912936223253000e+15
2.498579985990923000e+15
2.458294638990356500e+15
3.062012343614949500e+15
2.383786813156291500e+15
2.580113054636940000e+15
1.361289132332644750e+15
2.537071109557092500e+15
1.775140158591896000e+15
2.626370690721440500e+15
2.095134001576507500e+15
2.532684230746537000e+15
1.857940744600641500e+15
2.256669930071291000e+15
3.011135210829529500e+15
3.639158931352939000e+15
2.772028752735184500e+15
2.292432992458019000e+15
3.100539231220667000e+15
2.135193234868887250e+15
2.219023472042719750e+15
3.668121245375349500e+15
2.513186056539806500e+15
3.250364259926391000e+15
2.258886527559733500e+15
2.039293626303359500e+15
2.981885839557685000e+15
2.628110814189693000e+15
1.599938261994623000e+15
3.616685332799036000e+15
2.884423131170317000e+15
2.517453913264499500e+15
3.682497067149259500e+15
3.178458375209020500e+15
2.225871995394273250e+15
1.412012640048292250e+15
1.739381541160017250e+15
2.063141327165355250e+15
2.685840192919715500e+15
1.789143036407717250e+15
1.954136106653689500e+15
3.100160015088172000e+15
3.042933803797258500e+15
4.396193953262874000e+15
1.542205923296102000e+15
2.690439637443375500e+15
2.570692572288253500e+15
2.453644806409472000e+15
2.466356920045302500e+15
2.703209079842719000e+15
1.776128994005769500e+15
3.077582164606082500e+15
2.369316199617162000e+15
1.583759185588610500e+15
1.966213731299647500e+15
1.891333517386896000e+15
2.897963592582465500e+15
2.131245920498353500e+15
2.396115005863508000e+15
3.703017792218731500e+15
7.210632508985452500e+14
2.996957418118161000e+15
2.152945450084477500e+15
2.466038586287105000e+15
1.550154807847087250e+15
3.508426203142354500e+15
1.734557041980801000e+15
1.882467752327997750e+15
2.045920192405633500e+15
1.880558412645053750e+15
2.735725509006845500e+15
2.437668713552250000e+15
1.817838548863622750e+15
3.282067592744810500e+15
3.380092078958111500e+15
2.063206244574108500e+15
2.435386259261514000e+15
3.356820698050153000e+15
3.171299161525619500e+15
2.065312706294776500e+15
2.347018927604476000e+15
2.188540885461844500e+15
2.158849342110218250e+15
2.342395656834327000e+15
2.587901937524005500e+15
2.899488350260205500e+15
2.570099521057220000e+15
1.847562800455668250e+15
3.348865438815495000e+15
1.366797946271618750e+15
3.600120339680377500e+15
2.821573758872564000e+15
2.268985379186064500e+15
2.510833443439125500e+15
2.583398885762139500e+15
1.886058083468130500e+15
2.485890201445853000e+15
3.042239123831728000e+15
1.421560259702729750e+15
2.881803046287713000e+15
3.627125359782009500e+15
1.644242387201191000e+15
2.920116318835314000e+15
2.140579941037059750e+15
3.324291055773200000e+15
3.570021194399872000e+15
2.838197360117115500e+15
2.733376897470583500e+15
1.999215760374264500e+15
1.819181482979680000e+15
3.364665579315269500e+15
2.454701926567382000e+15
1.595902490049881000e+15
2.125305414917563250e+15
2.567514029350571500e+15
2.829498757796721500e+15
1.974973962056528750e+15
2.464823305321081500e+15
1.870609712411576500e+15
1.770526461450185250e+15
2.614488453798124000e+15
2.312228595300086500e+15
2.575611208473550500e+15
2.530524316158749500e+15
3.488130327087719000e+15
2.636956321424307500e+15
2.534012785959301000e+15
3.522623283968414000e+15
2.517597225046344000e+15
2.534177024387225000e+15
1.716828033945932750e+15
2.188321906413821500e+15
2.828048492001955000e+15
2.956415471916682500e+15
1.530940249349043250e+15
1.862878299745500500e+15
1.907687494260864750e+15
2.443787924708375000e+15
2.420126376906250000e+15
3.745796032098942500e+15
1.428410425303431000e+15
2.850033262868333500e+15
1.885536346286826750e+15
1.267591389141745000e+15
2.023541160052049000e+15
2.907065174596745500e+15
2.497560701472417500e+15
3.473425323784485500e+15
2.892007925604623500e+15
1.683357030681070500e+15
2.643259277359425500e+15
4.351953316889466500e+15
3.029135691452218500e+15
2.524344888174639500e+15
3.137715816357183500e+15
1.529723590348296500e+15
2.320934216512999000e+15
3.469942133111062500e+15
4.039690756681216000e+15
4.000203845990451500e+15
8.630184462163005000e+14
1.355422669073254750e+15
1.656105389430086750e+15
2.778237970435201000e+15
1.760126163746082000e+15
1.802540176174102000e+15
2.949255757405877000e+15
3.711693323983944000e+15
2.732809292808195500e+15
2.959586174989040000e+15
3.152888254916501000e+15
1.572194412972494250e+15
1.725325272367802250e+15
2.164635543711789750e+15
1.570254381614927000e+15
2.873544251878755000e+15
2.380086344114078500e+15
2.923967561223171500e+15
1.686005167545132500e+15
2.954397481125197500e+15
2.755720203681519000e+15
2.054422386235449250e+15
2.157215719475851750e+15
3.383255470065209500e+15
1.233378304705331250e+15
2.197189234353079750e+15
1.995115071402428000e+15
3.010549695936105000e+15
2.015880510428592500e+15
2.165802902138422750e+15
2.363429999727774000e+15
2.300023944665846500e+15
2.574205849106197500e+15
2.486105252384589000e+15
3.165816744396071000e+15
2.161546092744831000e+15
2.163191822224669250e+15
1.956129695484907250e+15
3.165874822987522500e+15
1.793762225717622250e+15
2.858756863942437000e+15
2.308693100825283000e+15
2.533023266287795000e+15
2.044445786174803250e+15
2.915628211419949500e+15
2.028515931310496250e+15
2.582703470753023000e+15
3.452095541833003000e+15
1.866725682862102750e+15
4.044577165785434500e+15
2.427723044166296000e+15
1.689638412282461750e+15
2.591838731773481500e+15
3.229012016382360000e+15
2.889909310167933000e+15
3.170133705956355000e+15
1.716034058108735500e+15
2.575944935983143500e+15
1.702159314059564250e+15
1.718629824979791000e+15
2.555605198722919500e+15
3.580598805956729500e+15
2.187140054287027000e+15
2.213932477967137750e+15
3.049545710894668500e+15
2.035947603416806500e+15
3.142282969420381000e+15
1.965745174093050000e+15
3.564408999670506500e+15
2.285003388073937500e+15
2.276494509250139500e+15
2.825568430986726000e+15
4.039501275931599500e+15
2.113783748627869500e+15
2.742154019371983000e+15
2.135323493445578250e+15
2.970374123144894000e+15
2.451214625187712000e+15
2.505708199548122500e+15
3.469716239110257000e+15
2.521395811508845500e+15
2.230757735216966000e+15
2.182141818174032000e+15
3.123831735744812000e+15
2.119641242496817000e+15
1.432393945721274000e+15
2.913586457162318500e+15
2.517579053087638000e+15
3.259920586437461500e+15
2.447835688400305000e+15
2.517232821696255500e+15
3.196019199491205000e+15
7.330788267135278750e+14
2.039623523807941750e+15
3.632456235693974000e+15
2.067661537536619250e+15
3.111032263102071000e+15
3.224612711136009500e+15
3.122245272526032500e+15
4.340563573172624500e+15
3.019597634806689000e+15
2.055094771915051750e+15
2.399415413748383000e+15
2.473333068373723000e+15
2.243459694031850250e+15
2.266310358693042000e+15
2.058445445589247250e+15
2.421904327938858500e+15
1.409020771195726750e+15
2.841630382014740500e+15
2.894824160036955000e+15
2.602503439761106500e+15
2.021975227094250000e+15
4.133298509410399500e+15
2.123892291003669250e+15
2.994192659918594000e+15
2.684064339424921000e+15
2.101534877148819000e+15
2.242169705658044500e+15
2.538424687501115000e+15
2.541544419976243000e+15
2.694441459127011500e+15
3.898003840547432000e+15
1.388875231088473750e+15
1.746273509061315250e+15
3.386051216470190000e+15
3.403561025950086000e+15
3.216906256269716000e+15
1.960451390753586750e+15
2.153066358308610500e+15
1.871814274459290250e+15
2.209626403472931750e+15
3.263065841297118000e+15
1.998084466126509000e+15
1.294384087830582500e+15
3.612052820512167000e+15
2.340745994768694000e+15
3.167628868128394500e+15
2.686948507872918500e+15
1.762810026332031000e+15
2.150065676777363500e+15
1.966500451671587750e+15
2.643243257456106500e+15
2.282877380363958000e+15
2.007236195303039750e+15
1.718076703888781000e+15
4.002098496836110000e+15
3.095306230409032500e+15
2.866335137206178000e+15
2.699231372966694000e+15
3.563605917798978000e+15
2.026612879435080000e+15
3.811204507777630500e+15
2.488299877021265500e+15
2.089089843529260500e+15
2.607470133095494000e+15
3.052367654697408500e+15
3.258460219915923500e+15
2.538381244237348500e+15
2.130560745232957000e+15
2.923390672251911500e+15
3.117234868866961500e+15
1.800765473451919500e+15
3.434328080739981000e+15
2.867777806666314500e+15
1.551868515298070250e+15
2.804966434506305000e+15
2.228748708998609500e+15
1.474909144977487000e+15
2.007676490466806500e+15
2.758719743444579500e+15
2.939025336684346500e+15
3.336902663979110000e+15
2.143153838993954500e+15
2.699121604775582000e+15
2.665861044515854000e+15
2.735453510939007000e+15
2.528920227151018000e+15
2.069351625579887500e+15
3.112113610212826000e+15
2.866263780679975000e+15
1.829841443164170500e+15
1.187493704388076000e+15
2.752247328824623000e+15
3.013151667421714500e+15
2.818037597163538500e+15
3.172667536046237500e+15
3.184989620979282000e+15
2.663062228745855500e+15
1.505051828695010000e+15
3.697180758938961000e+15
2.392978487678233500e+15
1.854526120830098750e+15
2.897941595252868500e+15
3.479503171582261500e+15
2.264713795539470500e+15
2.543262255849495500e+15
3.976753056529728500e+15
2.580644807927849500e+15
1.998611557963527500e+15
2.870925825831972000e+15
1.693243041675166250e+15
1.491855766357349750e+15
3.666960102725405500e+15
2.969733398536404500e+15
3.087491677696260500e+15
1.471871673422715750e+15
1.479256050576726250e+15
3.042071247337597500e+15
1.478739413432841250e+15
3.371639039387200500e+15
2.434499909749902500e+15
2.622980904792038500e+15
3.401671122550746000e+15
1.997816233175228500e+15
2.167018423124553500e+15
3.154856593621584000e+15
1.352419135247853750e+15
2.470869245451282500e+15
1.927581569770175750e+15
2.852674088556714000e+15
2.326292292182276500e+15
3.362013128580314500e+15
3.404408432219672000e+15
3.041725595538562500e+15
2.856444172605470500e+15
2.300353061553257500e+15
3.851865513984233000e+15
2.811936036739361500e+15
2.433831635040450000e+15
2.603225441270406500e+15
3.258485436221531000e+15
2.333535512111202000e+15
1.574777975948204250e+15
1.916655542907991250e+15
2.551230663184324000e+15
2.041393157522861250e+15
2.707680296975612000e+15
3.242120544599766500e+15
2.791388688502436000e+15
2.679315066019243000e+15
1.840503957129173750e+15
2.463475106086567500e+15
1.865564196183023750e+15
2.053096687870923000e+15
2.161892340562476250e+15
2.143528995041941500e+15
2.183678282049387750e+15
2.207669443531894000e+15
2.903609220557248000e+15
2.215133160077102250e+15
2.680145730051449000e+15
2.362024422613665500e+15
2.262238970737760500e+15
2.587085033485731500e+15
1.255826593731754500e+15
2.237461891694923000e+15
1.738500076478809250e+15
2.793739743609339500e+15
3.570712319641023000e+15
8.291566023683535000e+14
3.038837253237396000e+15
2.851284527605330000e+15
2.820346364756382500e+15
2.606118050839895000e+15
1.566108433211012000e+15
3.042749065463054000e+15
1.763328546734049750e+15
2.582049896629631500e+15
2.110216363528591000e+15
2.759051834737536500e+15
2.025067887392130500e+15
2.281350387401135500e+15
2.514408252333238000e+15
4.401678979029168000e+15
3.466112798772479000e+15
1.056253502578142000e+15
2.507640419623926500e+15
3.047498385981514000e+15
3.030153256906469500e+15
1.822146875564630750e+15
2.165886432538783000e+15
2.265264182270521000e+15
1.555786399655954000e+15
1.614006465941771000e+15
2.495420675771968500e+15
1.311959163739475500e+15
2.413240460190980000e+15
2.888353231159142000e+15
2.364036422999511000e+15
2.085206253378370500e+15
3.938129803997622500e+15
3.521771752081957500e+15
2.084321294509082750e+15
2.041421389493656250e+15
2.532829300041334000e+15
2.737382699662511000e+15
1.880364130495085250e+15
3.469772799454132500e+15
2.628852457399864500e+15
1.864585160777416000e+15
2.187276784516019500e+15
2.975802938796609500e+15
5.236718237482380000e+15
2.983766443604830500e+15
1.452003176139906750e+15
1.445452895733645750e+15
2.659324671495777500e+15
2.891989098231991000e+15
2.658924000715085000e+15
2.496175040797000000e+15
1.402769022839281500e+15
2.773572800284631000e+15
2.334395688132242000e+15
2.847399059769358500e+15
2.126429650221205500e+15
1.958504057801576250e+15
2.754664760397335000e+15
2.955514715377853500e+15
3.365230918591252500e+15
2.829148067342202000e+15
1.953947892165445250e+15
2.174093236789647500e+15
2.474952359695693500e+15
2.129571333151440750e+15
2.146003297215346750e+15
2.306317952943984000e+15
3.582340926064999500e+15
3.125889423536880500e+15
2.197991151896777500e+15
2.262683964852422500e+15
2.531499523699382500e+15
3.198356801369016500e+15
1.786111449485857000e+15
2.045789858284829250e+15
2.359636182765744000e+15
1.348497947817050500e+15
2.583395807175322000e+15
2.921382899484715000e+15
1.835068873590735750e+15
3.719683590470766000e+15
2.499759614248046500e+15
2.180229293285927000e+15
2.330312819475041500e+15
2.384528378272817000e+15
2.434572238913414500e+15
2.623744138562169000e+15
2.308352116560618000e+15
1.998797573946985500e+15
3.299113774953804000e+15
2.147681021562625000e+15
2.298604431593634000e+15
2.492568292187647000e+15
2.114822042497686750e+15
2.813130128198553000e+15
2.205005924974297250e+15
2.098126585387227250e+15
2.665737510184237000e+15
2.470750533725967000e+15
2.028651408189510500e+15
2.606543238736258000e+15
3.177051267865611500e+15
2.693641413719185500e+15
2.265953569253671500e+15
2.028815979910929250e+15
2.805216947689212500e+15
1.798381025808051000e+15
2.328139053289301500e+15
2.428434420350768500e+15
2.330353223837428500e+15
1.482796545328052750e+15
1.907957644199190500e+15
2.527510136575117500e+15
2.687071768849232000e+15
2.201738954127294750e+15
1.887358519898951000e+15
1.757836505387884000e+15
1.647749078704086750e+15
3.225262110842567000e+15
2.542499919564676500e+15
1.854857585603790250e+15
1.821739359340257750e+15
3.951485816223304000e+15
2.963113928178717000e+15
2.377451029274146500e+15
2.599706874873142000e+15
1.725259418403106250e+15
2.738148136178180000e+15
1.815126332617829000e+15
3.243601978368455500e+15
1.732050970624090250e+15
2.108044875463525250e+15
2.411291130629989500e+15
2.759455244334730500e+15
1.917029629377217000e+15
3.309033060587090500e+15
3.778325362238276500e+15
3.146441634971116500e+15
2.745774939860351000e+15
1.621867454482141750e+15
2.633827418911715000e+15
2.889538452261296000e+15
2.344121709164514500e+15
1.945917089479247750e+15
1.781501054720313500e+15
1.342341171374636750e+15
3.065098873312090000e+15
3.394453823799539000e+15
2.455921870213294000e+15
2.797955409626714500e+15
2.398990019951466500e+15
4.178340228514391000e+15
2.005479386303784250e+15
2.633347590662735000e+15
2.615372259585335500e+15
2.553831348737543500e+15
3.145187180013989500e+15
3.248749731781820000e+15
1.282321971098784750e+15
2.269394751623099500e+15
1.963880545124197000e+15
2.658748099431906000e+15
1.832369154865714500e+15
2.833111085594336000e+15
3.000208132986487500e+15
2.463608947941980500e+15
1.893789312438593000e+15
3.075371931898470000e+15
2.434830974941106000e+15
3.199743318241513000e+15
2.347403679682021000e+15
1.603858864371132000e+15
3.373732964980540000e+15
2.723683432250120000e+15
2.473546697311454500e+15
2.985530335450993500e+15
3.243889111302312000e+15
2.063180291144248000e+15
3.613197754802471000e+15
2.656656270789858500e+15
3.072779333911105000e+15
3.699489596146965000e+15
2.949893662383522000e+15
2.875103298963729000e+15
3.398669563833349000e+15
1.657523920069827750e+15
2.353321231725695000e+15
1.944920891297617000e+15
2.339389492827917000e+15
2.273518757935277500e+15
3.031068528603959000e+15
1.185979178378320250e+15
3.473907825021664000e+15
2.352454450475589000e+15
2.839191399195391500e+15
2.626699501659567000e+15
3.248860282030028000e+15
2.212770599939228750e+15
1.853536305132092000e+15
2.724836747590537500e+15
3.222502230632018000e+15
3.535832084432228000e+15
1.803022067655939000e+15
3.380902102158383000e+15
2.418106239009423000e+15
1.567971666290574250e+15
2.189496192710716750e+15
3.810264012676021000e+15
1.897875145256556250e+15
2.321401568358283000e+15
2.597699998544572500e+15
1.676451309864318500e+15
4.087817105737396500e+15
2.929541154091003000e+15
2.919834733975186500e+15
2.281928704509375000e+15
4.260969373192189500e+15
1.828521976897702250e+15
1.341031979287359500e+15
2.505880834387955500e+15
2.449289687542628500e+15
3.682434320904571500e+15
2.364364758716550500e+15
2.332992482907268500e+15
2.705641226515947000e+15
2.578857373704010500e+15
2.262005584126114000e+15
2.072174224875452000e+15
2.106772598616366250e+15
2.246976289605031750e+15
2.478923887155061000e+15
2.774361970379192000e+15
2.778142003604735500e+15
2.998233717187292500e+15
1.942189998828906250e+15
2.498373979146701000e+15
2.434446317570284500e+15
3.181569152114863500e+15
1.914363746347407750e+15
2.234637657233489750e+15
2.104211689124203000e+15
2.625741597118942000e+15
3.437815638771517500e+15
2.595823870013538000e+15
3.089372754325203000e+15
3.219680212860210500e+15
2.912529024842508500e+15
3.010665803096814500e+15
2.181594268404995750e+15
1.541662755323990250e+15
2.943845288276235500e+15
2.825179657398125500e+15
2.866323566538245000e+15
1.523386254912121500e+15
1.177539654027793000e+15
2.916171547614404000e+15
