1.088712921521196750e+15
2.821202760470563500e+15
1.820343044607149750e+15
1.609651220493493250e+15
1.768357489355733750e+15
2.374494742949146500e+15
2.017781461876086250e+15
2.091259172659173500e+15
1.803515603290842750e+15
1.676201421805378750e+15
1.813731947708267250e+15
1.399140012356027500e+15
2.221590726887510500e+15
1.456098059819938250e+15
1.733029108631497500e+15
1.397534778069820000e+15
1.524416691059695500e+15
1.849373412128516500e+15
2.114007095500439750e+15
1.449966971071988250e+15
2.226650741182989000e+15
1.166236476262151250e+15
2.243530083740261250e+15
2.441861516355587000e+15
1.657516241911894250e+15
1.745894292335024250e+15
1.839780269768968000e+15
2.027090668908802000e+15
1.432191429937569750e+15
2.682162312713761000e+15
1.732054420233737500e+15
2.181607452558936250e+15
1.640081335113059500e+15
1.542616513921562000e+15
1.595373682359140750e+15
2.188942454038407500e+15
3.460609002599710000e+15
1.903749121937848250e+15
2.763976076138406000e+15
2.440891548790214500e+15
2.636343524434207500e+15
2.233429099406033000e+15
2.206816155665531000e+15
1.713895106522646750e+15
2.453727052950148000e+15
2.362645501844059000e+15
2.363706838500238500e+15
2.321298434451406000e+15
1.677128923728999750e+15
1.344204426968876000e+15
2.441385544317468500e+15
2.231823131592703250e+15
1.985925590140076250e+15
2.101264597826992750e+15
1.288271971273325000e+15
1.743362726994913500e+15
2.877641640097752000e+15
1.726476922122067750e+15
2.138351564876575500e+15
1.269210104400665500e+15
1.652612959406549500e+15
2.512998631813399000e+15
1.718951533374525750e+15
2.082742318435797000e+15
1.883962997522094250e+15
2.209029359632435750e+15
2.914079385588923000e+15
1.756466053461235500e+15
1.647533248321349250e+15
1.930856057786548250e+15
2.315407747573797000e+15
2.569577090472835500e+15
2.525800435585231000e+15
1.322409647253094250e+15
2.993273434825625000e+15
3.136334735392505000e+15
2.072142774862755000e+15
2.537936872445750000e+15
2.646135442610102000e+15
2.089105340224825750e+15
2.398687104241263500e+15
2.268900477267914500e+15
9.777065448239641250e+14
1.549490124037640250e+15
1.919725577072693250e+15
2.718908878202866500e+15
1.098680587650765250e+15
1.961186903830091750e+15
3.361843276838509000e+15
1.416407881720093500e+15
2.052620519392472000e+15
2.198162520586033000e+15
2.506464607423438500e+15
2.366249094865317000e+15
2.436425075871551000e+15
2.919768608594684000e+15
2.047826778762895000e+15
1.868560542610446250e+15
2.213111594279044000e+15
3.205628868964054000e+15
1.512909697166124750e+15
1.245446264078681000e+15
2.644837307153390000e+15
1.582352186629036000e+15
1.055357386983020125e+15
2.079068457858616000e+15
1.723433118710364000e+15
1.322168377892817000e+15
2.837231317485058000e+15
1.009731041878896000e+15
1.787664997927210250e+15
1.953229149519275500e+15
1.932405843741286750e+15
1.577984634753844250e+15
2.008933955758187500e+15
2.681938240676482500e+15
2.856573641426148500e+15
3.001775987799319000e+15
2.834231524244917000e+15
1.912606585324621500e+15
1.989110018956504500e+15
6.946107830521633750e+14
2.430739538369620000e+15
2.368222323399819000e+15
1.871052089767738500e+15
2.148020277139322750e+15
1.675187720267440250e+15
1.998027804867201250e+15
2.609403088138474500e+15
1.941570187642624250e+15
1.496693021139163000e+15
2.679986105183118500e+15
2.525422723761839000e+15
2.693590686683464000e+15
1.569112289764249000e+15
2.447222010468399500e+15
1.585403211776187000e+15
2.373653658164781000e+15
2.038128869154546750e+15
2.422247877924388500e+15
1.513122234378885500e+15
2.252340503000079000e+15
1.756550081176353000e+15
3.097738854609582500e+15
2.006480846358382250e+15
2.759270069457202500e+15
2.357477361417120500e+15
1.332504029310345250e+15
6.736951600673498750e+14
2.696006906692983500e+15
2.160108915359941750e+15
2.814830873819548500e+15
1.599682916410146500e+15
1.624873362576057250e+15
2.211149678259231250e+15
1.949214082960617000e+15
1.860581918692502000e+15
1.999637274009915250e+15
2.579759949184286500e+15
2.556088060445416500e+15
1.244008522535319500e+15
2.426128598579908500e+15
1.910749507091411250e+15
1.730500343123827250e+15
2.192980276069292250e+15
1.858677598491723500e+15
1.429794210837741000e+15
2.219156983407837250e+15
9.646721866828496250e+14
2.083847400174835000e+15
1.262797533845476500e+15
2.023096132898143000e+15
1.249833323301352500e+15
2.085077335158383000e+15
2.208885172988529500e+15
2.655721973346620500e+15
1.677262705937730750e+15
2.172933634703756000e+15
1.862314359675811750e+15
1.615289486588886000e+15
1.499512293597983500e+15
1.883126251013018750e+15
1.251189721144292250e+15
2.139171019090517500e+15
1.720014056789744250e+15
3.092626740289464000e+15
1.270097077814980500e+15
1.501817244904750750e+15
2.442709810776708000e+15
2.346078798110396500e+15
1.873287614367132500e+15
2.016591737588035500e+15
1.966726326541198250e+15
2.275226150253319000e+15
7.385229377128076250e+14
1.323758869676361750e+15
2.773367177634290000e+15
1.508279207145965500e+15
2.295639424439935000e+15
2.452912869071687000e+15
2.766673448534918500e+15
2.019786537215389750e+15
2.028814356456299500e+15
1.474875462484865500e+15
1.719749857880595500e+15
2.281223235733779500e+15
1.088743682826208625e+15
8.218166277431792500e+14
2.724734889221447000e+15
8.693824503893083750e+14
2.677744740711006000e+15
1.429477058603624000e+15
1.264225107309605000e+15
3.301551581462411500e+15
2.577845355852560000e+15
2.264236344334918500e+15
2.561119251528975500e+15
1.507947671247517250e+15
2.370284693253798500e+15
2.967440096746049500e+15
2.124800590562043250e+15
1.690134992833472000e+15
1.852271202827406750e+15
3.432857170944675500e+15
1.737956233676621250e+15
2.321565029666101000e+15
1.674738561449418000e+15
2.218395902534583000e+15
6.333854075622283750e+14
1.996532033201698250e+15
1.319914776098683250e+15
2.554605679180944500e+15
1.570944196947775250e+15
2.506858488681150500e+15
2.871242370384067500e+15
1.898411230866177250e+15
2.262364528246869500e+15
1.578474471380537750e+15
2.111630873338174750e+15
1.671095696457913500e+15
1.427667076202602250e+15
1.998238150504743000e+15
1.328042134545553000e+15
1.890814239065458750e+15
1.619840585959322000e+15
1.335285943325748250e+15
1.155943036341233500e+15
2.268773629111827000e+15
1.940807922251188250e+15
1.717106220175226250e+15
1.398270505663017000e+15
1.260033544604704500e+15
1.875084686502049750e+15
1.781568043979708750e+15
1.946494403098018750e+15
2.057249688568847750e+15
9.657464347907063750e+14
2.066977038316309250e+15
1.893358262881141750e+15
1.428625784353260500e+15
1.372882710355642750e+15
1.389970876101446000e+15
2.267842001475436500e+15
2.300850264487790000e+15
1.398728071310055000e+15
1.240269685791537750e+15
1.601914140557135500e+15
1.884675920049967000e+15
1.882865039313359750e+15
1.688505702232637250e+15
1.074680720214612625e+15
1.624125875778684500e+15
1.820816922501874500e+15
1.168501287570461500e+15
1.940129621742308500e+15
1.607667424289059250e+15
2.197683623190642750e+15
2.179723897651495250e+15
1.282448859119697500e+15
1.816340318192144000e+15
2.103075417250916000e+15
1.531430433071729000e+15
1.584284052601387500e+15
1.573547461264721500e+15
1.996627534647013000e+15
1.009061192847211875e+15
1.143015546360081250e+15
1.750414017063334750e+15
2.412452049620191000e+15
1.593310065002981250e+15
2.321679142690512500e+15
1.403007983111775000e+15
1.723981984384058750e+15
1.732829173057959250e+15
2.167098409722959750e+15
2.067790846922828750e+15
8.938403306122343750e+14
1.456583248428701500e+15
1.667489810911127250e+15
1.189568823321999250e+15
2.025204833743029000e+15
1.920470029904185750e+15
2.149467336247382250e+15
2.028723641403678750e+15
2.105171061588207750e+15
2.126793462606950250e+15
1.754580422148722500e+15
1.580565548727095250e+15
1.703229979892348750e+15
1.241598582258806750e+15
2.087086876689893500e+15
1.918664240411713500e+15
1.728633966638179500e+15
2.127575961817308250e+15
2.101947754300822250e+15
1.314085403838350500e+15
1.993989280170064750e+15
1.572214263241719000e+15
1.274326369754435750e+15
2.012733268544351500e+15
1.125308103074749625e+15
1.566036203826254250e+15
2.064160398311811500e+15
1.829845976499215250e+15
2.206547817959399750e+15
1.839184750444096000e+15
1.507900163993354250e+15
1.912556108130331250e+15
2.041760695865663000e+15
2.226115185340438750e+15
2.199279887145273000e+15
2.525298649489462500e+15
1.854250876228263750e+15
2.108436650453691750e+15
2.194687839441969250e+15
1.898089386283424500e+15
2.294279231900618000e+15
2.309033381639840500e+15
1.375103062643462750e+15
2.062840732587615250e+15
1.996571600116177250e+15
1.785304503479981750e+15
1.355035514281763250e+15
2.020400987819925750e+15
2.070339896210473500e+15
1.823973239975471000e+15
2.121036174089360500e+15
1.519087688618670000e+15
2.288568665623489000e+15
1.538352565674861750e+15
1.886938487666114250e+15
2.023273474428097250e+15
1.619915799232744250e+15
2.098169610442242250e+15
2.436313142795165500e+15
2.511363026277686500e+15
2.229866853543582250e+15
2.075161641820998000e+15
2.355968319992904000e+15
1.883168090165423250e+15
2.956807487889373500e+15
9.110201547336412500e+14
1.697512097101517500e+15
1.570592448686433750e+15
1.056440566652788000e+15
1.647882108999759000e+15
2.039852713182604000e+15
1.687682146253403750e+15
2.333003176095899000e+15
1.491311449432726500e+15
2.791596451734880000e+15
2.213141212962958250e+15
1.329834362305236750e+15
1.468927160697519000e+15
1.956403295975477750e+15
2.358595977962438000e+15
1.608291709187078750e+15
1.402363150987372250e+15
1.497771719012251750e+15
1.137449810731930750e+15
1.208102607173206750e+15
2.273090818187714500e+15
1.526357038245196250e+15
1.800719803422400000e+15
2.454791109353809500e+15
1.843463222584721750e+15
1.770190156274876500e+15
1.677595750070953250e+15
2.553001539277290000e+15
1.509794405841291500e+15
2.027916047929831500e+15
1.542015071514326500e+15
1.317432978389136500e+15
2.194856054966247750e+15
2.214347582468094000e+15
1.615496446792613250e+15
1.897479332248351750e+15
1.682965247591757250e+15
1.384298746577841500e+15
1.508639061817788000e+15
1.846897362692922750e+15
1.155897231582799250e+15
1.321662836284121000e+15
1.939052760289004250e+15
2.269251198536519500e+15
1.766339623361596000e+15
1.418648034029010250e+15
1.747377785388920500e+15
2.682276561659029500e+15
2.706809444087825500e+15
1.818282744305694500e+15
1.542440344576463750e+15
2.149312874991766250e+15
1.469892197193534000e+15
1.493810266421437250e+15
1.922783255072176750e+15
1.858362354142600250e+15
1.610019512388248250e+15
1.785173157539041500e+15
1.984673741751814750e+15
1.874818599398343250e+15
1.447018984186912250e+15
2.055698229717410500e+15
1.591084466529571750e+15
1.234745639455138500e+15
2.492160368363750500e+15
1.630652569128370000e+15
2.043377998097931750e+15
1.667018483723828500e+15
2.456149875561784000e+15
2.414169736388656000e+15
2.255065055004320500e+15
2.107439255252665750e+15
1.176415099071340000e+15
2.175104923635017250e+15
2.111383803715479750e+15
1.621170006142448500e+15
1.940438650681821000e+15
1.713285275723126000e+15
1.701194397130186750e+15
2.493702343503982000e+15
2.299009925188471500e+15
2.022749722295804250e+15
1.943168062638733250e+15
2.312589393644295500e+15
1.441433786510206750e+15
1.634914617947614750e+15
1.556218794392496250e+15
2.107490700156626750e+15
2.088954392957652250e+15
2.393693613585689000e+15
2.213576331398979500e+15
2.409501731276050000e+15
2.051162079660514500e+15
9.010119883171268750e+14
1.893555785765026250e+15
1.170859719896073500e+15
2.154074895496890000e+15
2.093729194902933500e+15
1.016436345674714750e+15
2.141932469175443500e+15
1.903803302943434250e+15
1.240936992400165000e+15
1.845276682207814250e+15
2.136592214373616000e+15
1.741525260097788250e+15
1.589518097516157250e+15
1.589809736581358000e+15
1.665942499701828250e+15
2.871843300245183000e+15
2.504654706918616500e+15
9.701488877096408750e+14
2.256862655677944500e+15
2.319190888227270500e+15
2.361442361905310500e+15
1.713961003292884000e+15
1.934342800170491000e+15
1.936470957665394500e+15
1.499039889746829000e+15
1.051126275147334000e+15
2.089351992140195000e+15
1.362382262014367750e+15
2.811714217809526000e+15
1.494372379639616750e+15
1.766453382484224750e+15
2.739161748809933000e+15
1.893562959689744500e+15
1.171283996705183000e+15
1.901674022085202750e+15
1.891326650096774250e+15
2.360856087388517500e+15
1.880718750825800750e+15
1.407235659417556500e+15
2.619755269889280500e+15
1.102735833342051625e+15
1.992614824429930750e+15
1.549699581921548250e+15
1.700046184357315000e+15
1.869687340044506000e+15
2.232005176837135750e+15
2.464219269264250500e+15
2.182872531387237750e+15
1.179896670628415750e+15
1.200651015824152000e+15
2.158865838231237000e+15
1.853397950347714500e+15
2.292675784026941500e+15
1.830088332541325000e+15
2.055734901230519500e+15
2.519713718492962000e+15
1.019635965760337125e+15
2.177293012088852250e+15
1.488391004253036250e+15
1.725350615196526000e+15
1.796417341440097750e+15
1.699090647440424750e+15
1.838885797150515750e+15
1.468842791865730000e+15
2.219666561141170250e+15
2.996013221575884500e+15
1.881267206376831750e+15
1.815835534845804250e+15
1.375113451881099500e+15
1.385608961773318750e+15
2.733951860935013000e+15
2.118171436367202000e+15
1.595078149809773250e+15
1.867012072742669500e+15
1.482987130217179000e+15
1.987739721295220750e+15
1.889993374822750500e+15
1.541704146080487750e+15
1.796786358991640750e+15
1.730482066195328750e+15
1.862004251266157750e+15
2.208438471622442500e+15
1.864306294999609000e+15
1.667587516076308250e+15
2.558923661318862000e+15
2.643474817142157500e+15
1.564164715833562750e+15
2.247338273286739250e+15
1.935531433789467750e+15
1.664404303449689000e+15
1.726558543274964000e+15
1.989535941095333500e+15
2.067306105686478000e+15
2.527575131818860500e+15
1.912461117217101000e+15
1.359925970420150750e+15
1.107750892968404250e+15
1.906471869184402500e+15
1.463655354143103750e+15
1.983523785049890500e+15
1.248324066079759500e+15
2.381881744177400500e+15
2.239315016336425500e+15
2.622083539328645500e+15
1.666265589594170500e+15
1.726442127941935000e+15
2.106502913842623000e+15
2.134163953766479250e+15
2.783777636700962500e+15
2.306052826246659000e+15
2.043298875497953750e+15
1.347750819078470500e+15
1.532016356738419500e+15
1.838657933285062250e+15
2.436525460071461000e+15
1.940087779046644500e+15
2.031655500121153750e+15
2.600650764124095500e+15
1.374959645805573000e+15
2.087992571403103500e+15
2.138665029890745500e+15
2.043343676743724750e+15
2.659039621457714500e+15
2.514920041852149000e+15
1.264486574625415000e+15
9.787100442879490000e+14
1.529840858832333250e+15
2.609390607544769500e+15
1.233042416214708500e+15
1.620301081769097250e+15
1.366929330073951750e+15
1.323654744029114500e+15
2.019522928856449250e+15
1.821760922227338250e+15
2.213562222440524250e+15
1.843573282864578750e+15
2.239699496623318500e+15
2.033602183769020000e+15
1.667369650214512750e+15
2.987789879840708000e+15
1.342398790210316000e+15
3.004563299913088000e+15
2.315978596386135000e+15
2.521112212393404000e+15
2.284919784866100000e+15
3.546361707459131250e+14
2.332868579019726500e+15
2.107967790716067000e+15
1.431261730695022500e+15
1.493606847475866500e+15
1.647862386564284750e+15
2.519096587763544500e+15
1.236323279036629500e+15
1.395401431421696000e+15
1.647419380679409500e+15
1.501356027203894500e+15
2.731468027676670500e+15
1.643865737833323250e+15
1.337793004234495500e+15
1.800496853653992250e+15
1.699135202131424750e+15
1.658694258365815500e+15
1.983367483614520750e+15
2.121693778944776000e+15
1.798568402129687750e+15
1.783862057470351500e+15
1.588749614277637000e+15
1.917835344144238250e+15
2.747176996909926000e+15
1.933915581966661750e+15
2.561688836712739000e+15
1.568496529436815250e+15
2.912106827074201000e+15
1.730509438615420500e+15
2.517256149979800500e+15
1.945907999382301250e+15
2.271238812403476500e+15
1.690753568105130500e+15
1.496198926660989500e+15
1.667437101555073250e+15
1.688511762900859000e+15
9.525970362375021250e+14
2.490113175253569500e+15
1.646558321936776500e+15
2.555502985978735500e+15
1.866092324893840250e+15
2.272840699852816000e+15
2.059767106145109500e+15
1.727706340467688500e+15
1.481164120182253250e+15
2.342234481929984000e+15
1.856970174124081500e+15
2.808651979001545000e+15
1.702959221776639750e+15
1.803092391453759750e+15
2.050081253653592750e+15
2.078661125690271000e+15
1.879291526360537000e+15
1.658302953605680750e+15
1.740051591119103000e+15
2.309153655043457000e+15
1.709036520536558750e+15
2.357971556302485500e+15
1.129835006881723500e+15
2.322232360097771000e+15
1.980173491967252750e+15
2.322262353984868500e+15
1.282462946375833500e+15
2.999343919765814000e+15
1.502951461402819500e+15
1.968464176340446750e+15
2.280276951367567000e+15
2.904784682717693000e+15
2.437964033687949000e+15
1.729694119466541250e+15
1.739500723979204250e+15
1.896094033044555750e+15
1.265253676667728750e+15
1.750046971587980250e+15
1.462724461126646250e+15
1.306020067330814750e+15
2.099196630983791000e+15
1.646768955299938750e+15
1.977844304212148750e+15
2.138552083640122000e+15
1.972209485458302750e+15
1.272614223484986250e+15
2.651088863342400500e+15
2.791073733897722500e+15
1.264824263192646250e+15
2.377129252967026000e+15
2.286541446593245500e+15
3.230925898244987500e+15
1.991046572691304500e+15
2.608512299703540000e+15
1.806932353986231500e+15
1.893682994979766500e+15
1.477313711040191500e+15
2.955498496373634500e+15
2.749640047625866500e+15
2.310473750256728500e+15
1.752934086378505750e+15
1.914354801151136250e+15
2.137397448591451500e+15
2.776066955692753500e+15
2.789571065500708500e+15
1.994499682111080500e+15
1.965178217075839250e+15
1.949448278997168000e+15
2.453946875914719500e+15
2.967776118644748500e+15
2.416814909638768500e+15
2.290397228105170500e+15
2.299279834884332500e+15
1.488536357901586250e+15
2.211836386584688750e+15
1.594002020190378750e+15
2.224354614122848500e+15
1.373707879991376500e+15
2.984609944718063500e+15
2.069303195405050000e+15
1.838071784439665250e+15
2.690607307128109500e+15
1.709111445409960500e+15
2.264129995446488000e+15
1.354673579828482000e+15
2.136900920209642750e+15
1.865551829654696500e+15
2.267282434324089500e+15
1.557571825740026000e+15
1.747713255783145500e+15
1.737129685691047000e+15
1.623130327035552750e+15
1.548341953129102000e+15
2.665188948537070500e+15
2.602243369052738000e+15
1.982442009602198500e+15
2.814822747493422000e+15
2.477684511726612500e+15
2.922049777170030500e+15
1.929603980740479250e+15
2.016999367570184500e+15
1.964495211382827750e+15
1.391015389137962000e+15
2.488282542851763000e+15
1.883987404320953250e+15
1.901460447936113500e+15
1.712137413187678000e+15
1.732460453724570500e+15
2.853225375125163500e+15
1.531648452918464000e+15
1.921786996865199500e+15
2.361781314135415500e+15
1.150027218049722500e+15
2.646051505394396000e+15
1.461056353196601750e+15
2.794313731590352500e+15
1.370400682523270000e+15
1.209067686079915000e+15
2.548663600475504500e+15
1.632319309587048750e+15
2.087326691443111250e+15
2.622259276806951000e+15
1.351243182664721500e+15
2.065252518998495250e+15
1.099666154328906000e+15
1.547878179048808750e+15
2.016366224577738250e+15
2.081657471001048750e+15
1.059233329681644625e+15
2.486100200824478000e+15
2.030281096527282750e+15
9.851003487318456250e+14
1.959477012762496500e+15
1.331522375331824250e+15
1.698853364660447500e+15
2.140520677126249750e+15
7.697438858876610000e+14
1.879248988880204250e+15
2.141107755600459250e+15
2.195258773124655250e+15
2.702270379829604500e+15
1.786748659714075250e+15
2.422044196785137000e+15
1.923125271098885250e+15
2.248810117534220000e+15
1.486558327589548750e+15
2.574716264309991500e+15
3.149132327588849500e+15
3.352544171274406000e+15
2.042256168111801000e+15
2.371195577587990500e+15
1.722880811664657000e+15
2.847225156913692000e+15
1.529139477057165250e+15
2.353998482225432000e+15
1.349564133318945500e+15
2.046029297563375250e+15
7.583613501243335000e+14
2.060273220968312500e+15
2.036952779021640000e+15
2.126091768833869250e+15
1.950634251977237250e+15
2.680770194066024000e+15
3.484358184991517500e+15
1.087777651736571125e+15
1.465888668533990250e+15
1.869351810626962500e+15
9.616464630000453750e+14
2.587252023016192500e+15
1.565687203497145000e+15
1.603615878369453000e+15
1.221515087741093750e+15
2.507780153576374500e+15
2.883564570088085000e+15
2.021454727818681000e+15
2.659840617816817500e+15
2.167627777902695250e+15
1.649067577977021250e+15
1.117127061852041375e+15
1.214511363719136250e+15
1.352140913478172250e+15
2.181962942610259750e+15
2.546011017991693500e+15
1.951511548781382500e+15
2.194823435109738000e+15
1.337838238188134750e+15
2.901052518711015500e+15
1.368025367408180250e+15
2.081001778208598500e+15
2.166375552749997250e+15
2.561069892680270500e+15
1.912224053293012250e+15
1.298935522084352250e+15
2.469529439730403500e+15
2.279012953103782500e+15
2.856584099233860000e+15
1.809981208982112500e+15
2.384051043381927500e+15
3.310733708830445000e+15
2.277081443262838500e+15
1.733875975358676750e+15
3.003072452122893500e+15
1.752053533942354250e+15
2.002177412360575000e+15
1.576930377951204250e+15
1.817704269272253500e+15
1.597958764088883500e+15
2.296540281253616500e+15
9.504415422895220000e+14
2.651679613863200500e+15
2.456259765843914000e+15
2.202468116726614500e+15
2.467357399465316000e+15
1.955038929822978000e+15
2.653400218786500500e+15
1.501064122233631250e+15
1.618251764961814750e+15
2.039341115295546250e+15
1.630148882842805000e+15
1.166265506705445750e+15
1.893182901131730750e+15
1.815705173100587500e+15
2.351955098236123500e+15
2.047615178155676500e+15
1.529067537390932250e+15
2.072396000624400250e+15
1.775300046498814500e+15
2.472583809382969000e+15
1.500609584708238750e+15
3.043455874977148000e+15
1.034573964521531125e+15
1.450996822811787000e+15
1.769274799676736000e+15
2.091547637872282500e+15
1.075656890996533000e+15
1.228736712846888000e+15
5.987680376821652500e+14
2.296150427440064000e+15
2.694256304805504500e+15
1.911476811408180000e+15
2.175976736169632250e+15
1.452410745816261500e+15
1.787778063900026250e+15
2.232113126152641500e+15
1.504572072678494250e+15
1.723166354046899250e+15
1.817662849778592000e+15
1.839756535741074500e+15
2.795934402012117000e+15
1.078197386230512750e+15
1.583392605063727750e+15
2.072203775375187750e+15
1.388272075110107750e+15
2.215269236745892250e+15
1.802136380073702250e+15
2.144571329284692500e+15
1.783436496829281500e+15
1.955616050161960250e+15
2.908489367107361500e+15
2.020973560434745000e+15
2.337468255630197000e+15
2.414634843052970000e+15
2.187181607061048000e+15
2.345814653302479500e+15
1.614522069006074000e+15
2.741497480157731500e+15
2.213386744661078750e+15
2.614591349758885500e+15
2.630186531753084000e+15
1.531401195450514000e+15
1.931180804067602000e+15
1.965478388374194750e+15
1.966031365278749250e+15
2.469622386052261500e+15
2.021757605450499500e+15
2.870862929671937000e+15
1.830498497862260500e+15
1.776041120745707000e+15
1.378284912825971000e+15
2.025953013628734500e+15
1.199866539509536750e+15
2.078437433451691250e+15
9.449309049700916250e+14
1.533707673064986750e+15
2.659278796072010500e+15
1.500785436952136500e+15
1.266953530870157500e+15
2.613049471966323000e+15
1.770030107369888750e+15
1.886110633930906000e+15
3.029569324982257000e+15
1.616773370577416500e+15
1.982588885363480750e+15
1.637081248525201000e+15
2.326267645063994500e+15
2.057109472337402000e+15
3.154942916486688500e+15
2.163598700689480750e+15
1.829853758347281750e+15
2.245046443324305500e+15
1.648745826279072250e+15
2.474580979176273500e+15
2.101660093764419750e+15
1.387021187108102500e+15
2.279750457983008500e+15
2.144159350506353500e+15
1.095026229070718375e+15
3.026727404375123000e+15
1.577672422573543000e+15
1.188345643366936750e+15
2.516582742365709500e+15
1.922227607412642000e+15
7.534554562239382500e+14
2.038405578895132500e+15
9.645805665125037500e+14
1.345151470603003750e+15
1.854034930190091000e+15
1.469172039218858750e+15
1.575194431256657750e+15
1.648572740993539250e+15
1.936691223788205750e+15
1.300197993392521000e+15
1.680361789897807750e+15
2.505277034239118000e+15
2.446749208589014000e+15
2.296352175947534000e+15
1.614600611515920250e+15
1.403355598690322250e+15
2.030507681442761250e+15
2.081749413009660250e+15
1.966396019203224000e+15
2.343764611140207500e+15
2.526426826261893000e+15
6.156631971113901250e+14
1.735801721789933750e+15
1.133488386125418000e+15
1.545694518244209250e+15
2.107084456722822000e+15
1.952261605746941500e+15
1.132900772151875750e+15
1.782268743083827000e+15
1.321551065511405750e+15
2.317759089366951000e+15
2.547288016289457500e+15
1.939119227270091500e+15
2.620799380711576500e+15
9.240294795080383750e+14
1.847088666112062000e+15
2.658509663759315500e+15
2.509047514123047000e+15
1.920296602054175750e+15
2.341648291814103000e+15
1.736884054543218000e+15
1.219459941482135750e+15
1.521755571524433500e+15
1.656560036336896750e+15
2.604301253548019000e+15
2.349189315794613500e+15
2.433721806085997500e+15
2.032035257287987000e+15
1.574664455775001250e+15
1.979463825725875250e+15
1.990174041819487000e+15
2.796333505944047000e+15
1.768821131814514500e+15
2.079301025195236750e+15
2.183188561541912500e+15
1.709733790136054250e+15
2.964374117029673500e+15
2.480200656037411000e+15
2.830835627393687000e+15
1.694319895870481250e+15
1.871464481790716500e+15
2.877902131770590000e+15
2.545271517256566500e+15
2.191758720277321250e+15
2.601984647331773500e+15
2.132915546805369750e+15
1.443615731051713750e+15
1.856559662860081000e+15
1.743884190633537500e+15
2.171571796901733750e+15
2.810845916664062000e+15
2.391473884347707000e+15
2.338743564018760000e+15
2.007158372030755500e+15
1.987027223773618250e+15
1.810695328712965500e+15
1.402965843933203250e+15
2.400066703377834000e+15
1.162368342829472250e+15
2.579040207664632000e+15
2.697083630576663000e+15
2.669685932891776000e+15
1.795506122432763250e+15
1.628202435737466250e+15
2.791149956645310500e+15
1.412245462402134500e+15
1.978661727429308500e+15
1.664067103465921000e+15
1.618242973588427000e+15
1.242474567770114500e+15
2.138210181297088250e+15
1.937451059353455000e+15
1.811309581835472000e+15
2.846157540072913500e+15
2.001716040924452250e+15
2.364886278737332000e+15
2.738504485054240000e+15
2.131778880225373000e+15
1.782682549180731500e+15
1.528652481872964250e+15
2.319101415004009000e+15
2.462168237422841500e+15
1.998467994308802250e+15
1.897283855244607250e+15
1.842583604069155500e+15
2.573259947204245500e+15
2.265473353725761500e+15
1.633724962943128000e+15
1.449209091740390750e+15
1.831553646664057250e+15
1.256848947757456250e+15
1.814293990431572000e+15
2.418812781239317000e+15
2.372700398929014000e+15
1.422478054650322500e+15
1.448834554757735750e+15
2.603491518564074500e+15
1.586045525770457000e+15
2.723816419076202000e+15
2.230105021692675000e+15
1.626973836474306500e+15
2.290520967722071000e+15
1.937666450776331500e+15
1.212628993528465750e+15
1.513103216721266000e+15
2.480794275756137000e+15
2.127679516072273250e+15
2.032220014900800500e+15
1.662457267271968250e+15
2.446702350507689000e+15
1.514273080353321000e+15
1.842659596382289250e+15
2.097028240546471250e+15
2.539325534553127500e+15
2.589235093086047000e+15
2.945227361603609500e+15
2.836659610576526500e+15
1.897575453058654500e+15
1.954621375748413000e+15
2.528091572021958000e+15
2.156146790794500250e+15
3.800952274081342500e+15
2.105808174326559750e+15
1.836763958608054750e+15
2.253629540803026000e+15
2.623181993312643000e+15
1.210543978423003500e+15
2.711890293984515500e+15
2.080871669506362500e+15
1.471187295041233250e+15
1.486157880676580500e+15
1.259290123849787250e+15
2.668579811169858500e+15
2.117888360630129000e+15
1.777779050469947750e+15
1.880640186356788500e+15
2.087020854151401750e+15
1.713736169168978750e+15
2.596749962266570500e+15
1.472999210981161750e+15
1.998902708011631500e+15
1.684319900752418000e+15
2.029628260553970250e+15
1.758247712313362500e+15
1.822217434434373250e+15
2.878086184503821000e+15
1.973020527937762000e+15
1.543403341165812250e+15
1.630708938478703000e+15
2.264673225680750000e+15
1.431236632564266250e+15
3.035290316467577000e+15
2.105607260742031500e+15
2.506882903173724500e+15
2.073109825070914500e+15
2.427962084583249000e+15
3.260366196685143000e+15
2.511600712327386000e+15
2.166418712850656500e+15
9.999241095432635000e+14
2.923656499084529000e+15
2.711624221359781000e+15
2.838628251015554500e+15
2.187351702936541000e+15
1.910964896132419500e+15
2.510068567967882000e+15
1.595304224321093500e+15
2.947254869899925500e+15
2.110721710186841250e+15
2.386481589375121500e+15
1.652274232078146000e+15
1.979941911769769250e+15
2.112717816320116000e+15
2.529247960389462000e+15
2.716441160566545500e+15
1.476943133400826000e+15
2.033156629053184000e+15
1.400505533344441250e+15
2.519792792710451500e+15
1.953111821124220250e+15
1.862042746633725750e+15
2.221625859636036250e+15
2.044549268031980250e+15
1.969226629921854500e+15
2.068828697310882750e+15
1.815633790608937250e+15
2.368652470782029500e+15
2.752854552552970000e+15
2.894884096315676000e+15
2.013365586924606750e+15
2.153777111989111250e+15
2.166983256870788750e+15
1.536636803388591250e+15
1.389357388582615250e+15
2.366370813602466500e+15
1.267462783356910750e+15
2.550995233364307000e+15
2.121432755014693500e+15
3.159785855164087500e+15
1.134028075683007000e+15
2.759621713881427000e+15
2.051458843677737000e+15
1.642392705543469000e+15
1.364280545099637750e+15
2.084694882642469500e+15
1.909969586732246250e+15
1.988897389352871000e+15
2.081065926970639500e+15
1.733776913950373000e+15
1.836351749191822000e+15
1.714670260498901750e+15
1.481017848831400750e+15
2.638606274071296000e+15
1.225355703151182750e+15
1.253726237938684000e+15
1.809939709420848250e+15
2.041381801773483500e+15
1.994744755561649000e+15
2.188300804623273000e+15
1.520010976161175500e+15
2.857402436952238500e+15
1.754361628086064500e+15
1.765745763326177750e+15
2.206248270995918000e+15
1.859305359865654750e+15
2.239491397736839750e+15
3.425566939508750500e+15
1.583806055865469500e+15
3.105664405647482500e+15
2.395625674244783500e+15
3.018169498225872500e+15
1.573177694838821000e+15
1.247982307939954500e+15
1.872142085478300000e+15
1.962605509612522250e+15
1.472780451795901250e+15
2.784738714954010000e+15
1.958602827809209500e+15
2.572533022468615500e+15
2.113085712142738500e+15
3.037633530158576500e+15
1.852830913917720000e+15
1.424916685653209500e+15
1.955307888190692000e+15
1.910007054745001250e+15
1.930927144510252750e+15
1.489025250523452500e+15
1.928145007976524500e+15
2.222424294483504500e+15
3.463309966964853000e+15
1.709276137676466500e+15
1.880048104288425250e+15
2.403157618833001500e+15
2.699716142979245500e+15
1.783761094161367500e+15
1.892367076854981750e+15
2.031466535682057250e+15
2.371010781850202500e+15
1.672154947971382000e+15
2.055760929156853250e+15
1.591550487939143250e+15
1.807261405887107750e+15
1.167929623631214000e+15
1.621518734133417000e+15
1.521451308202065250e+15
1.499147641567903500e+15
1.677546071646052000e+15
2.005162295265603000e+15
3.252794447506514500e+15
1.346497342452852750e+15
2.121026398925066750e+15
2.144554031837287000e+15
1.309294514100268750e+15
1.506554338426230250e+15
1.219664989339465750e+15
2.093266102161893000e+15
2.087659830051252500e+15
2.155467550721202750e+15
2.883348892464719000e+15
2.109250052850924000e+15
1.772355300873369750e+15
2.236361476333573750e+15
2.454500813763376000e+15
1.719519145691199750e+15
1.776639045211748250e+15
1.982089951010959250e+15
1.785293132254833250e+15
2.174242507370893000e+15
1.854974948178410750e+15
1.158123414092714250e+15
1.984744014858459000e+15
2.441344332632851500e+15
2.333948942821117500e+15
2.495176958818284500e+15
1.420871396354747250e+15
1.285194485920044750e+15
2.515629772460721000e+15
1.762876663381122750e+15
2.260497728805146500e+15
1.568202477685278250e+15
6.177196025144912500e+14
2.327168815364833000e+15
2.558500308478423500e+15
2.105376807652270000e+15
1.417532089213236250e+15
2.276073337349722000e+15
2.048715636114485750e+15
2.214981147012341500e+15
2.327457218026657000e+15
1.922501451250334000e+15
2.340702618743188500e+15
1.782858396895537500e+15
1.577155110512365500e+15
1.322536871179900000e+15
2.315717377012350500e+15
1.405068004902667250e+15
2.000980085631021000e+15
1.493265466372853250e+15
1.822779420504870750e+15
1.990342921407787500e+15
2.764729358147517500e+15
2.230929612499319000e+15
1.816301430789422750e+15
2.303445134767687000e+15
1.524978014551402750e+15
2.148899507748683750e+15
2.986062342427186000e+15
1.969474014912887500e+15
2.637550041156458500e+15
1.198467322974719000e+15
1.488612300684817750e+15
2.022360010869482250e+15
2.293225019919287000e+15
1.157598023289456750e+15
1.733489815743547500e+15
2.078788148143509500e+15
2.113070204516647000e+15
2.824317480166822000e+15
2.884155799978783000e+15
1.606695651349286750e+15
1.430738925471485250e+15
1.649416135410931500e+15
1.526235627647689750e+15
1.734956224317737250e+15
1.622454069714647250e+15
1.458097032717333000e+15
2.325452119061651500e+15
1.640843735250387750e+15
3.497783723394973000e+15
1.450707771182200250e+15
2.306742140457839500e+15
2.441826847621494000e+15
2.122613698988108500e+15
1.973153186398024500e+15
1.871564081758402500e+15
2.039860646650295250e+15
1.906656572678223750e+15
1.697895390553238250e+15
1.508574896771402750e+15
1.688319072004605250e+15
1.711714167475306500e+15
2.600991716584388500e+15
7.703840639323287500e+14
1.787454145810159750e+15
3.467141162805857500e+15
8.047960801193852500e+14
2.444700836848818000e+15
1.398026372395289000e+15
1.883981305336879000e+15
9.913707905440303750e+14
2.109695062330664500e+15
1.264391602666122750e+15
1.718385413523451250e+15
1.670575245853939250e+15
1.331101661121038750e+15
1.798073857264221000e+15
2.260082961379912000e+15
1.430340673260526000e+15
2.765293435752766000e+15
2.600880247492970500e+15
1.909835275926493250e+15
2.028209188282558750e+15
2.556112374627352000e+15
2.605289413835831500e+15
1.564171816609448000e+15
1.627544935926715000e+15
1.885054630681259750e+15
1.776715409288095750e+15
1.630750407614240000e+15
1.831934149079729000e+15
2.693796299847586500e+15
2.434422294598617500e+15
1.136979254263011500e+15
2.661358478297915500e+15
5.345467845999005625e+14
2.372278553182053000e+15
2.462928257492561000e+15
1.595876226070869500e+15
2.112562645071105000e+15
2.203941130233787000e+15
1.270672921396559000e+15
2.493117137821263500e+15
2.436969619410181000e+15
1.274424133167463000e+15
1.977350230030518500e+15
3.230998879055607000e+15
1.558652192288847500e+15
3.104808714166756000e+15
1.988067023494248500e+15
2.540002597104908000e+15
2.206596566382168750e+15
1.900726168167505500e+15
2.311519181452844500e+15
1.924998557645080500e+15
1.707709378281672250e+15
2.145470732840817250e+15
2.401167816526936500e+15
1.589382294354703750e+15
1.736580227844304750e+15
1.908549283554140500e+15
2.385340204663124500e+15
1.636449185183853750e+15
1.984669290598247000e+15
1.922394689493861250e+15
1.369231585892248500e+15
1.838026487352921500e+15
1.596915857221157750e+15
2.076039131910025250e+15
1.916485825354065250e+15
2.712487310035235500e+15
2.404491791081721500e+15
2.528525100585048000e+15
2.701411587698062000e+15
2.146196128595287000e+15
2.101806256610975500e+15
1.583420492292823750e+15
1.505373742001410500e+15
2.375499233631790000e+15
2.301486671585676000e+15
1.292297591318709250e+15
2.152566192310362250e+15
2.323255792265057000e+15
2.342402625902326500e+15
2.088746243480649750e+15
3.350512768010951000e+15
1.323310399174075750e+15
2.654376404583352500e+15
1.713727199907875750e+15
9.304970401633022500e+14
1.731791896551569250e+15
2.246052733113342250e+15
1.994777202470762750e+15
2.527974483622520500e+15
2.297008019009105000e+15
1.385340296063582000e+15
1.702277421733426250e+15
3.958104886359670500e+15
2.815387130266217000e+15
2.483613569338363000e+15
2.938150208528800000e+15
1.379776868747244000e+15
2.225518818466112750e+15
2.504600522310411000e+15
3.665389490768976000e+15
3.112730491411310500e+15
1.103120936841817375e+15
1.096717641007470875e+15
1.273658033242561750e+15
2.232137479455100250e+15
1.818198793820545750e+15
1.888153971660243000e+15
2.659428526935427000e+15
3.252871270445650000e+15
2.789982520558871500e+15
2.452751814208038500e+15
2.792359108352134000e+15
1.614859974443158250e+15
1.579525304802302750e+15
2.327726238790950000e+15
1.862254975506533750e+15
2.396461902531572500e+15
2.071691325478211000e+15
2.094303076598961500e+15
1.397903971309457750e+15
2.695810959198055500e+15
2.195441927894000250e+15
1.733883900267333500e+15
8.564253723673442500e+14
2.450545784693196000e+15
1.244194020311198250e+15
2.161163583720710000e+15
1.685480200162692750e+15
2.490774856411224500e+15
1.560056306713315500e+15
2.096037541276550250e+15
1.566861067111608250e+15
1.832472254406268750e+15
2.219006781058107250e+15
1.138182622884640500e+15
2.872761113274801500e+15
1.540799650294994000e+15
1.875901323778372500e+15
1.328917742274624750e+15
2.332792353733623500e+15
1.720158414448241000e+15
2.198511952304166000e+15
1.909961150122530500e+15
2.431644232078106000e+15
2.223645484066419000e+15
2.192777913650183250e+15
1.778265441425681000e+15
1.425743232856622500e+15
2.570148523086061500e+15
1.841129664901127250e+15
3.141443283022927000e+15
2.236424245194000000e+15
1.132290535993162250e+15
2.010805819226452750e+15
2.477917463991784000e+15
2.702511827999507500e+15
2.260371020889004500e+15
1.264402337774382500e+15
1.836394143325362750e+15
1.311017079531349250e+15
1.210349735546668000e+15
2.399502372829001000e+15
2.639208867592622500e+15
2.180889456445277250e+15
2.042501634818939500e+15
2.694103556088870500e+15
2.003416515856518750e+15
2.779695832526033000e+15
1.512895277228507750e+15
2.362535851362406000e+15
2.119004217208821250e+15
2.450940385149915500e+15
2.061369824097471500e+15
3.418219097979725500e+15
1.768898937363182250e+15
2.280765861985372000e+15
1.920900275902827500e+15
2.624513315737083000e+15
1.584678625325826000e+15
1.632314184880129750e+15
2.633083276154727500e+15
2.384033863239455000e+15
1.801278540231458000e+15
1.968995540338293000e+15
2.594752589096994000e+15
1.540408621939096500e+15
9.416712254908440000e+14
2.507221746923307000e+15
2.350819443130095500e+15
2.602247563354173500e+15
1.584420721046530000e+15
1.994926488962219500e+15
1.438752718202468000e+15
8.635554964571097500e+14
1.842246909743238750e+15
1.964339974790300000e+15
2.041737429482938000e+15
2.548921912586909000e+15
2.065736416144992500e+15
2.406175021240455000e+15
3.238077591760015000e+15
1.929489852839764500e+15
1.457053315066753000e+15
2.039256192793672000e+15
1.980431097803309500e+15
1.958112223337188750e+15
6.340986673507413750e+14
1.957113416210269500e+15
1.975234623868127000e+15
1.245921202826395000e+15
1.757642747190413500e+15
2.821927572877759500e+15
2.058007182491169500e+15
1.519319803477654250e+15
3.100776088081661000e+15
2.056265480571237500e+15
2.154504088147513000e+15
2.544097943223914000e+15
1.635039664444021750e+15
2.030285084033024000e+15
1.879043546818415500e+15
2.578744706997265000e+15
2.040245977095639250e+15
3.063666006050631000e+15
1.421521836012227500e+15
1.706042317211120250e+15
2.825973307231038500e+15
2.729349748541791000e+15
2.423738799004242500e+15
1.722779282294181500e+15
1.485729224672466500e+15
1.866730201243585750e+15
1.979501166694451500e+15
2.766871890217183500e+15
1.497171753532736250e+15
1.049700254841601250e+15
3.526151463151586000e+15
2.064363052513832000e+15
2.986247527603283000e+15
2.035078899663762500e+15
1.362328038021098000e+15
9.953436462696787500e+14
1.555159961351723000e+15
2.446008068267273000e+15
2.154309783989065750e+15
1.358333471432339000e+15
1.627833664735051000e+15
3.212857619428442500e+15
2.434739749925772000e+15
2.938822302095795000e+15
1.692453188558097750e+15
3.034466889735800500e+15
1.724517081872742750e+15
3.091696241913627000e+15
2.325873431352123000e+15
1.292458700755401500e+15
2.165735851540261250e+15
2.466393008485664000e+15
2.904100548604127500e+15
2.551915815734848000e+15
1.354431055521016250e+15
2.041924747048028000e+15
2.629848841253232500e+15
1.746948440768507250e+15
2.971444543329583000e+15
2.491650410351583000e+15
1.474151431495595250e+15
2.171650300441819250e+15
1.696264527900729000e+15
1.308852545741861500e+15
1.979366551370701000e+15
1.467286449988036750e+15
2.798990823930089500e+15
2.821400865450755000e+15
1.489402447927321250e+15
2.118881344805500000e+15
2.171054829865203000e+15
1.790902178259349750e+15
1.928322011688110500e+15
2.114286170654908750e+15
2.461922668986962000e+15
2.135624370135242000e+15
1.493157097651246000e+15
8.591585070017710000e+14
2.237900653317206500e+15
2.199214015552683500e+15
2.803019061397498500e+15
2.811942919674810500e+15
2.348892688078614000e+15
1.797434291583821000e+15
1.111564089772712750e+15
3.245809353399737000e+15
1.543687852467191000e+15
1.054006321439179250e+15
2.369823330592067000e+15
2.929956116470680500e+15
2.223913514332367500e+15
2.282225387683754500e+15
3.106775330105141000e+15
2.548030275075079000e+15
1.808134547581346250e+15
2.305626972071249000e+15
1.800843512766485750e+15
1.445882994705952250e+15
2.487975705959164000e+15
2.857220574531986000e+15
2.603817380412424500e+15
1.185319909309535750e+15
8.699928639192532500e+14
1.782227173020319500e+15
1.197844687614150750e+15
2.767538214421881500e+15
1.795071175371633250e+15
2.043993145734200750e+15
2.889872080148571000e+15
1.816589716763590000e+15
1.965729255782246250e+15
2.447647493426737500e+15
1.419298992440684750e+15
1.763184716365489000e+15
1.828458406130436000e+15
2.180719450110231250e+15
1.920121332144514500e+15
3.026017435375941500e+15
3.514851020510968000e+15
2.647629724782194000e+15
2.325667372691136500e+15
2.269900161971270000e+15
3.367278687530125000e+15
1.549589607370810500e+15
1.765105441517490250e+15
2.167933712331907750e+15
3.115232250091067000e+15
2.001881319962561500e+15
1.722494556835120750e+15
1.419596632361627500e+15
1.953054222011796750e+15
1.684192964712703750e+15
2.621508836970451000e+15
2.936202654996128500e+15
2.344969969531790000e+15
2.394033979979699500e+15
1.981578715093000500e+15
2.259494316495853000e+15
1.753602965895957500e+15
1.982309749591346250e+15
1.961751485875404750e+15
2.051984211843883000e+15
2.049884752298799500e+15
1.890334277777705750e+15
2.035348451750469250e+15
2.459081998647636000e+15
2.399518873510734000e+15
2.067632611777179500e+15
2.112080376347604750e+15
1.931566057931782250e+15
1.176321218977908000e+15
2.039065734155220500e+15
1.774847302467704500e+15
2.704154602498123000e+15
2.604784830626405000e+15
6.415178512356492500e+14
2.152484952279493500e+15
2.364952173589328500e+15
2.057516267019438000e+15
2.171509129504080250e+15
1.183006714503472250e+15
1.324556417575144250e+15
1.429261102750416000e+15
2.162262376321035250e+15
1.816629845904324500e+15
2.267091102876663500e+15
1.723791454274587500e+15
1.608544415218709250e+15
2.111038432562691750e+15
3.581894444512886500e+15
3.118286859820254500e+15
1.095776616925507250e+15
1.687226379295613500e+15
2.284015504747576500e+15
2.400636698193192000e+15
1.734534419613924750e+15
1.451485829706837500e+15
1.760697763609636500e+15
1.102380359705509250e+15
1.700498687279220750e+15
2.019353766015194500e+15
1.102065499547363625e+15
2.517476640087586500e+15
2.437736461087449500e+15
2.296069493427047500e+15
1.674806790671724000e+15
2.365390126641375000e+15
2.933152951428869500e+15
1.924145176110291500e+15
2.117542236289128500e+15
1.820953521745061250e+15
2.083984237846895250e+15
1.644677870292554500e+15
3.118535021934795000e+15
1.888176975610248750e+15
2.177275343102794750e+15
1.754756855500960000e+15
2.513113629357686000e+15
4.205209498791038500e+15
2.715216257859596500e+15
1.083813292944211250e+15
1.581006322366021000e+15
1.772208716906901500e+15
2.221814145144859500e+15
2.501767633760217000e+15
2.363660442653606000e+15
7.667783729689262500e+14
2.393204702107673500e+15
2.237212978909082750e+15
2.414320095953351000e+15
1.937207885195838750e+15
1.659544861236559250e+15
1.712233062737066750e+15
2.405458236551924500e+15
2.971009855571255500e+15
2.338276868337552500e+15
1.503240776270984750e+15
2.200254936803768750e+15
1.609846314330158000e+15
2.272046012904340500e+15
2.159280694041487250e+15
1.849785826263690250e+15
2.470652256812678000e+15
2.346357604214173000e+15
1.384908304939411750e+15
1.962543269033341250e+15
2.210779328141169750e+15
2.514706007197433000e+15
1.289424757013549000e+15
2.004628497606879250e+15
2.506631682211115500e+15
1.054330999742070125e+15
2.132828632717764000e+15
2.699467905455863500e+15
1.176791056440501000e+15
2.742846859091634000e+15
1.475411134189518250e+15
1.811686546104963000e+15
1.551158931681756000e+15
1.964273787652129000e+15
1.859956226458001250e+15
2.184894716677355500e+15
8.504761744895217500e+14
1.871747872921439250e+15
2.731550280013512000e+15
1.460572283462525000e+15
1.597936824725822750e+15
2.487075089551334500e+15
2.105537758466655000e+15
2.342244713125082000e+15
1.834142451834829750e+15
1.548631436185805750e+15
2.366853084813159500e+15
1.633099420519681750e+15
2.129743875345175750e+15
2.448911131583834500e+15
2.527649565405499500e+15
2.286633435051733500e+15
1.975642386671612000e+15
2.065285527572090000e+15
2.225315901639444500e+15
1.743633963564831000e+15
1.843439961325037500e+15
1.714175879760086750e+15
2.105923586672210250e+15
1.447359699232892000e+15
1.705712434693084250e+15
2.243005002395915500e+15
1.059245975785841875e+15
1.280448154599662000e+15
1.643523887894013750e+15
1.893409349961639250e+15
1.306444538924194000e+15
3.178913134120644500e+15
2.452782200968998000e+15
1.489414321925084000e+15
1.704077674301859000e+15
3.719195254405490500e+15
2.064302852241059750e+15
1.701638784649203250e+15
2.117431912041782250e+15
1.662811553354924750e+15
1.992794511252966250e+15
2.017219003597665250e+15
2.097264415443946750e+15
1.509552411057257500e+15
1.799156011922176500e+15
2.110403136177317500e+15
2.319045201584998000e+15
1.668987411029981250e+15
1.565718756750924000e+15
2.394489318259128500e+15
2.846738673290317000e+15
2.013639468339403500e+15
1.629010448131291000e+15
2.005446590845676500e+15
2.516469767629286500e+15
2.267225201096541500e+15
1.974453524502489000e+15
1.925607146860963500e+15
1.300027915548854000e+15
2.402974293685024000e+15
2.447102586524702000e+15
1.837207157263177250e+15
2.509602332491313000e+15
1.709842581976348500e+15
3.425146474831608000e+15
2.392165286273679000e+15
2.160248500519440500e+15
1.394924396992142750e+15
1.903357116406613000e+15
2.736683370045781500e+15
1.977281009268058250e+15
9.608562811343482500e+14
2.137047812582095500e+15
1.916086747321843500e+15
2.098795758282423250e+15
1.323126270640891000e+15
2.263839772477671500e+15
2.380006807493843000e+15
2.982239021026200500e+15
1.142963865799640000e+15
2.250932309962608000e+15
2.077438052476070000e+15
2.713492433908950500e+15
1.688363411779695750e+15
1.803101886121360250e+15
2.716173532906996500e+15
2.407173093673550500e+15
2.384274203690425000e+15
2.535725163092078000e+15
2.624713804548835500e+15
1.584619367043274750e+15
2.941006214240352000e+15
1.822889441581025250e+15
2.785730050253046500e+15
3.047861327867370000e+15
2.141419652454588000e+15
2.022051572802319500e+15
3.197949596668954000e+15
2.159439076124812500e+15
2.181563856866754250e+15
2.020856634481980500e+15
2.254773152590639000e+15
2.247637030324425500e+15
2.858550939327595000e+15
7.774457422779306250e+14
2.991158102554693000e+15
1.958107263434526000e+15
2.160717005976755250e+15
2.306522413935231000e+15
1.283795361444925750e+15
1.885220212041967750e+15
2.222433418041575250e+15
2.392710822625804500e+15
1.419453184943698750e+15
2.619153200189385000e+15
1.631699587244750750e+15
2.188036914046221750e+15
2.195093923507805250e+15
1.255958731631198250e+15
2.185555946247026000e+15
3.570399606944689000e+15
1.845545263203019250e+15
1.849906251989439750e+15
1.842532911616634250e+15
1.687204802611986000e+15
3.618116018672518000e+15
2.625837876398709500e+15
2.187779129030399000e+15
1.505094320676037750e+15
3.300915079118068000e+15
1.441931840461579000e+15
8.257904245989681250e+14
2.069004203718167250e+15
2.083941190132593000e+15
3.018863147273762500e+15
1.228321016243886000e+15
2.326404559917289500e+15
2.350093462986639500e+15
2.352278572020553000e+15
2.183500515408740250e+15
1.907741270240765250e+15
1.690243722233036250e+15
1.582903587997516500e+15
2.096526675055529250e+15
1.847581621842167500e+15
2.155294771754842750e+15
1.953909109211376750e+15
7.316304687912220000e+14
2.206863188037219750e+15
2.357688148042460500e+15
2.299336616995951000e+15
1.844088904041408000e+15
1.370514266547101000e+15
2.376166560624334500e+15
2.279284295319372500e+15
3.050908656628022500e+15
2.469221294460307500e+15
2.401684757768872000e+15
3.126098065530887000e+15
2.030084242063394250e+15
2.456250395569406000e+15
1.705937747931379250e+15
1.190641234580461000e+15
2.679929158506940500e+15
2.079851760239384000e+15
2.228462065816493500e+15
1.496952987638991750e+15
8.420542369354067500e+14
2.519498308711040000e+15
