3.939113022466724500e+15
3.641083827410815000e+15
4.093464026756199000e+15
3.574321953002601000e+15
3.217978809151514000e+15
4.222756044409972000e+15
3.501583318286686500e+15
3.338041298512330000e+15
4.273054656743678000e+15
3.324065518053822500e+15
3.607227275520094500e+15
4.406190108639906000e+15
3.757922889694592500e+15
4.166246140523461500e+15
3.701717222160567500e+15
4.263519014275174000e+15
4.045259512106651000e+15
4.897097872889498000e+15
4.272681325351674000e+15
5.740170220227744000e+15
5.509032013314383000e+15
5.022185200973070000e+15
4.833908017248228000e+15
4.528585513091777000e+15
6.273118707738578000e+15
4.753828646168642000e+15
4.572267501938836000e+15
4.568826812060548000e+15
3.683589783031263000e+15
4.114412107379635500e+15
3.449110476270071000e+15
3.094885275115417000e+15
2.799901812220115500e+15
4.679425646980966000e+15
3.571203141738967000e+15
3.146363371811676000e+15
2.971507588401388500e+15
3.539704960581768000e+15
4.430617166815094000e+15
2.452617005459151000e+15
2.255081097852795500e+15
3.561267511028027000e+15
3.105401778030889000e+15
3.812836065242789500e+15
3.552913402542177000e+15
2.827478592130056500e+15
2.406456491715888500e+15
3.174324510115184500e+15
3.200560278578825000e+15
2.762405840527780500e+15
4.081694295190743000e+15
3.529461552044087000e+15
3.458693465864474500e+15
4.048382364554988500e+15
3.492980563989098500e+15
3.135447019176283000e+15
2.485219532639051000e+15
4.072277859288303000e+15
3.383001947026455000e+15
2.966828259329598000e+15
3.461907259304808500e+15
3.440633807072847000e+15
3.492773948186465500e+15
3.583128279195021500e+15
3.474509684498682000e+15
3.535081733177331500e+15
2.264361465834353500e+15
2.871358836385758000e+15
3.611577399121900500e+15
2.472719053015647500e+15
3.127115127979008500e+15
3.868414726880233000e+15
3.118393691300272500e+15
4.027424389815954500e+15
4.021663509972933500e+15
1.621100726235381500e+15
3.431326577959351000e+15
2.972687661478619000e+15
3.273946012948928000e+15
4.373862016011607000e+15
3.582403101231905000e+15
3.636306212105990500e+15
4.811698794279989000e+15
3.205586423240254000e+15
2.599296250653958500e+15
3.696437412594791500e+15
2.438217661709698500e+15
3.689063624381590000e+15
3.381498140326434500e+15
2.181815482912474250e+15
5.408188144415278000e+15
3.824541738927679500e+15
4.148885794691407000e+15
4.076345285039359000e+15
3.490648234328129000e+15
4.559591160665524000e+15
3.939483376631747000e+15
3.715367615871361500e+15
4.253077935943670500e+15
3.259783966487867500e+15
4.439925862804540500e+15
3.705725928887702000e+15
3.051694689437487500e+15
2.945054887716608500e+15
4.571618843097200000e+15
4.047485245976328500e+15
3.991896218724896500e+15
3.500008273310384000e+15
3.561475982404706000e+15
3.955641754843672500e+15
3.755427331960506500e+15
3.344407557954516500e+15
3.265294688404143000e+15
3.898922670083608000e+15
5.275005685312680000e+15
3.985696700370852000e+15
3.204520769615641500e+15
5.024983659094406000e+15
4.587793409896995000e+15
4.213318260411327000e+15
4.225022745227462000e+15
3.668602699557552500e+15
3.402960178490910500e+15
3.629311411673601000e+15
3.597964390907266000e+15
3.082088585163793000e+15
4.110324871319039500e+15
3.150524014098710000e+15
3.194731768706605500e+15
2.058087722943482250e+15
3.256557756354138500e+15
4.206082081294172000e+15
3.128712833603692000e+15
3.892362014032544500e+15
4.009806936016008000e+15
2.750925605295008000e+15
3.674400464079004000e+15
2.627758895854926500e+15
3.928796524354063500e+15
3.444867478448387500e+15
4.628213055532621000e+15
3.465685283015226500e+15
3.961213449064847000e+15
4.514382445238441000e+15
3.132985182423464000e+15
4.051173367491688000e+15
4.474733895696854000e+15
2.780205239513590500e+15
4.118698047061261500e+15
3.521122119677103000e+15
4.208976760107206500e+15
3.097614707357205000e+15
4.070001036190317000e+15
3.742652459570087500e+15
4.000171426306371000e+15
3.394142333645666000e+15
4.244994983239237500e+15
3.759248636080864500e+15
3.150933869880543500e+15
3.557685650450531500e+15
4.914128227766765000e+15
4.174446737132292000e+15
3.939737677276464000e+15
5.205285619892595000e+15
3.720293343117117500e+15
4.274335625327124500e+15
5.997139830045815000e+15
4.414000580412463500e+15
3.470979933269579000e+15
3.369244268529723000e+15
4.155798759345926000e+15
5.398233154062495000e+15
3.301963664481578500e+15
4.595653379895153000e+15
3.668051661809458500e+15
3.229569920327256500e+15
4.688668448540927000e+15
4.600259736866038000e+15
3.831799408616963500e+15
4.641184590766250000e+15
4.402283766883825500e+15
4.313820118541012000e+15
3.942718658995174000e+15
4.488545813149659500e+15
