1.611593533024033400e+16
2.061183527528370400e+16
1.929694455205444800e+16
1.884098037804195200e+16
2.038734687470022400e+16
1.577372474103542200e+16
1.986499699293209200e+16
2.292607013321570400e+16
1.898355042541383600e+16
1.145753853508099800e+16
2.000003283888690800e+16
2.160833108247760800e+16
1.280385672704001400e+16
1.871687968298446000e+16
2.198329657836096400e+16
1.631040879098392600e+16
1.451340026198095200e+16
2.104369068394663200e+16
1.661748989627748800e+16
2.199355667691503200e+16
1.990528760912102000e+16
2.047266922648215200e+16
1.844601287231486400e+16
1.615763840658800000e+16
2.037339257077781200e+16
2.251807040056251200e+16
1.627285840041558000e+16
2.056100035981834400e+16
1.821234851394910800e+16
9.817639588162126000e+15
1.814197027263571200e+16
1.853196526022021200e+16
1.543978333171721600e+16
1.902091863229218400e+16
2.303721697570360400e+16
1.728926168993769400e+16
2.159863681247298400e+16
2.113839718363790800e+16
1.526446674322951800e+16
2.240034589889934000e+16
1.731092219423891800e+16
1.702278446674585400e+16
1.132244285007834600e+16
1.229230077235540200e+16
2.031615022773105600e+16
2.162506934563666400e+16
3.268121604227668400e+16
2.266419257067243600e+16
2.537299751874422000e+16
2.136424705946478000e+16
1.584731126127610000e+16
1.291989351332479200e+16
1.969837249628681600e+16
1.997730904326602400e+16
1.872962824902289200e+16
1.942485538340942400e+16
1.786221104093463600e+16
1.432919956689092800e+16
1.107234951403338200e+16
1.282895942196180600e+16
1.045285806545934800e+16
1.348070090180975600e+16
1.410450001656868000e+16
1.871858846201728000e+16
1.818953959354145200e+16
1.285641067199660400e+16
1.847652739818685200e+16
1.075095092853757400e+16
1.313190617953794600e+16
1.137376375560133400e+16
1.794030755246667800e+16
1.627591223450331400e+16
1.244653174716960800e+16
1.521885034523847400e+16
1.333155834476341200e+16
1.081571970286347000e+16
1.706304840103065400e+16
1.740865990395706000e+16
1.195696589917568600e+16
1.209048250598044600e+16
1.297772870050228400e+16
1.780615077640029600e+16
1.415718695139599600e+16
1.683031260028854600e+16
1.241850951347481000e+16
9.146483607991306000e+15
1.847009460471120800e+16
1.788089278743537600e+16
1.197959716342555600e+16
1.164744168542617200e+16
1.931029945777178400e+16
2.005511025096526400e+16
1.713406220729995200e+16
1.441160344434206600e+16
1.093910897527529400e+16
1.371564489629109600e+16
1.592861805275108000e+16
9.712804272064286000e+15
1.291535401637543400e+16
1.087721292711142800e+16
1.690370360776322000e+16
1.316788577157362800e+16
1.323402654203946400e+16
1.240161014996095600e+16
1.751357609998872600e+16
1.844729417290104800e+16
2.033417531454186800e+16
1.257074926555566400e+16
2.221582625470799200e+16
1.785531497540812000e+16
1.557198459927517400e+16
1.524019884775412200e+16
1.874067094253209200e+16
1.643074647818421600e+16
1.493201006907008800e+16
2.042790488931761600e+16
1.886514731074449600e+16
1.543421664519565800e+16
1.783224798029186200e+16
2.278173579072100800e+16
2.076200936784068800e+16
1.235029887823947800e+16
1.239034569754030800e+16
1.397973080574848200e+16
1.571323926809094600e+16
1.698952458915592600e+16
2.043935662562385200e+16
1.982127413224999600e+16
1.786172524165696200e+16
1.362147100144578600e+16
2.145297835013215600e+16
1.737904145059930200e+16
1.812843723484306800e+16
1.536260862533787000e+16
1.521733348469117000e+16
1.744969467404444400e+16
1.782238955177618800e+16
1.543127205947706400e+16
1.541120038088675200e+16
9.680513902191946000e+15
1.542936331503156200e+16
1.120198608026769400e+16
1.483685074678203600e+16
1.840620222709849200e+16
1.940960464564447600e+16
1.547378193339391800e+16
1.534771367359091400e+16
1.965362169260596000e+16
1.768546643662388400e+16
1.352121280012439800e+16
1.778276487542281800e+16
1.676892828504847000e+16
2.089538317534884400e+16
1.267600429436679400e+16
1.826474482375283600e+16
2.194525077530357600e+16
1.177071728484905200e+16
1.272735695591962600e+16
1.996836074449484800e+16
1.371322174863429200e+16
1.817199991356590800e+16
1.907029324992457200e+16
2.101503404484833200e+16
2.472925053497502000e+16
2.072480717772729600e+16
2.093468132650844800e+16
2.222440075823543200e+16
2.190352365488446400e+16
1.357724771244657600e+16
1.631799165826635000e+16
1.788028200930919400e+16
1.889487556071518000e+16
2.042849181928310400e+16
1.672764975625465200e+16
1.203085744115141600e+16
1.709488764272430000e+16
2.303814469274555600e+16
2.060372428194638000e+16
1.468975865218602200e+16
1.789851488582939600e+16
1.769609431002564800e+16
2.372789826196088800e+16
1.329879769759744200e+16
1.376497194400361000e+16
1.806719744850437200e+16
1.689338390376282200e+16
1.850359752022783600e+16
1.941648412268393200e+16
1.592889225031937600e+16
1.425765747031423400e+16
2.177536234042619600e+16
2.266933018174627600e+16
1.897021537100864800e+16
2.097246750537331200e+16
1.843557531425639600e+16
2.124487610733574800e+16
8.442009394526460000e+15
2.335841626998954800e+16
1.995523308157056400e+16
1.774089765835159800e+16
1.933266234899670400e+16
1.515250615951996800e+16
1.632523773349085800e+16
1.777561578488015600e+16
1.679818600485520600e+16
1.656831954222611000e+16
1.737100445759016400e+16
1.837119703007156800e+16
1.386432008737267200e+16
1.868766988969024000e+16
2.174715843254564400e+16
2.011222037171242800e+16
1.668477204561933600e+16
1.371622560790711400e+16
2.499841056721404400e+16
1.903830792793938800e+16
1.575674694949384800e+16
1.994348813432193200e+16
1.672338872525424800e+16
1.114376534024969600e+16
1.796488869962710800e+16
1.375472501566415800e+16
1.830418228536170400e+16
2.201672015687484400e+16
1.123512150680284800e+16
1.773114844967163000e+16
1.497193717838969000e+16
1.772622617411024800e+16
1.642281229311560800e+16
1.796964012433054200e+16
1.920063690838606800e+16
2.005259426658262400e+16
2.131917512849495200e+16
1.641650805654983600e+16
2.098742423853010000e+16
1.267912275645727200e+16
1.900353980947795200e+16
1.305100932735764000e+16
1.008071060727044400e+16
1.833553522603898800e+16
9.163946974597854000e+15
1.609286206769560400e+16
1.957422101256495600e+16
1.036123131761596800e+16
2.167883623591599600e+16
1.445667395154697400e+16
1.528502700216120600e+16
2.020926726306319200e+16
2.193978758142891200e+16
1.454774239647793200e+16
1.822841321164782400e+16
1.804516350187919600e+16
1.492296701414362600e+16
1.166843105950848200e+16
1.924725040729492000e+16
1.976632611115199200e+16
2.019163521757267200e+16
1.613494561066878600e+16
1.789045383213343000e+16
1.247774683962720400e+16
2.010750469949348800e+16
2.211563483779664000e+16
1.725510204303876000e+16
1.406556895038380200e+16
1.493780656389298000e+16
1.990020701595764000e+16
1.273630543425130600e+16
2.039409834001248400e+16
1.804552927789711600e+16
2.107948732878523200e+16
1.270548498896461000e+16
1.725928850528398800e+16
1.731519566503388200e+16
1.946667219388825600e+16
2.536885672426554400e+16
1.886075647841475200e+16
1.917552718670527200e+16
2.147570652783670400e+16
1.905007801314376800e+16
1.887695604763656000e+16
1.370871638486747200e+16
2.128969471569158800e+16
1.792273382369209800e+16
1.902008958667586400e+16
2.188359012125585600e+16
1.480946028127140400e+16
1.674451731469332600e+16
2.222869998011031200e+16
2.274113617388585200e+16
1.966111959423692000e+16
1.183654274223305000e+16
1.968761131598161200e+16
1.973879286780168800e+16
2.508831452784236800e+16
1.927406326534896000e+16
1.307425298200737200e+16
1.892352135411778000e+16
2.079248834514064800e+16
2.186717117680189600e+16
1.585783569015007800e+16
1.760822177676807400e+16
1.881125274468454000e+16
2.086595321976820400e+16
1.969586085283209600e+16
1.738326903039161200e+16
1.909170343274860000e+16
2.034714291938735600e+16
1.633685390745271600e+16
2.182031854886958800e+16
2.060976560304002400e+16
1.081539999069564800e+16
1.266937285256950000e+16
1.537753180000051600e+16
2.048971423614931200e+16
1.454149117881795000e+16
1.603202849353172000e+16
1.849468555942476000e+16
1.782517377713250200e+16
1.345989446517884400e+16
2.232099814150903200e+16
1.662439859981242400e+16
2.069824967936154400e+16
1.349991323443620800e+16
1.096280015146580200e+16
1.789919009101158400e+16
1.256025413898609000e+16
1.560642388177772600e+16
1.707405579019301000e+16
1.402215090113346200e+16
2.146928825606545600e+16
1.845471299116858800e+16
2.065375522533568800e+16
2.115240112557986800e+16
1.392951472396356000e+16
1.938825608570938000e+16
2.022968349876492400e+16
1.481954925993634200e+16
2.102538794292245200e+16
1.790499462859823000e+16
1.944237357788160400e+16
1.869431637314964800e+16
2.417023072754082400e+16
1.662623593439589200e+16
1.207058776016826400e+16
2.311902341747134000e+16
1.783374858514663800e+16
1.830239097736561200e+16
1.853286871215676800e+16
1.506805142704963400e+16
2.186407135218777600e+16
2.426072464326459200e+16
1.452296675758378200e+16
2.074702511616543600e+16
1.462144189660926800e+16
1.547590442375508000e+16
1.722591546334187200e+16
1.239381587435414800e+16
2.103553869756152400e+16
1.526129153365905000e+16
2.174095366501688400e+16
2.110501325966971200e+16
1.449704798883674600e+16
1.828503994910916000e+16
1.863026103074008400e+16
2.141345587058937200e+16
1.566967830967707200e+16
1.638244825404838600e+16
2.258496304052389200e+16
2.178764754466685200e+16
2.131638574654496400e+16
2.012247047709402000e+16
1.405584507805154800e+16
2.098724418288161600e+16
1.533998983420729400e+16
2.437587234840835600e+16
1.984147384631193200e+16
1.663405764599106000e+16
1.232734194359255000e+16
1.990221594457508800e+16
1.768913566264477200e+16
2.139737154397366800e+16
1.739440162469059400e+16
2.339141438881701600e+16
2.232051742640462400e+16
1.942150338749257200e+16
1.940946156929955200e+16
2.063858552793882400e+16
1.450438727988744400e+16
2.063747575671953600e+16
1.972321353882523600e+16
2.267369333221128800e+16
2.392208998140291200e+16
2.100841565131156400e+16
1.658594213660759000e+16
1.968164517697512400e+16
1.383132895508837200e+16
2.253177981105444000e+16
1.937821454490357200e+16
2.340851764294190400e+16
1.580336397879783200e+16
2.268592716472864800e+16
1.625976853370859800e+16
2.331548441146448400e+16
2.019803943667834800e+16
1.847075086557756000e+16
1.786663079622476600e+16
1.185948024838238400e+16
1.796010969762977200e+16
2.191869375860556800e+16
1.783458049623092600e+16
1.619199517442586000e+16
1.394111310222783600e+16
1.865435471392706000e+16
2.280142904292701200e+16
2.294428456947672400e+16
1.738522070251601400e+16
2.012533745827892000e+16
1.768628141499391000e+16
2.031790622941572000e+16
2.229924890863511600e+16
1.663367547054745400e+16
2.019244570757376800e+16
2.441024275237927200e+16
2.073012623151798400e+16
1.706831883174072200e+16
1.405271995088668600e+16
1.919774914831814400e+16
1.837059239791788400e+16
1.394749130281289600e+16
1.780337329715262800e+16
1.679886741688728200e+16
2.038056484573084800e+16
1.789320474372849000e+16
1.898266003514396000e+16
2.222412193262289200e+16
1.752908376186339200e+16
1.748375081600956600e+16
1.635022708201548200e+16
2.054576940178366800e+16
1.810511817351930000e+16
1.813685832724395200e+16
1.533465920272301400e+16
1.549835042988313200e+16
1.914051982851356800e+16
1.627521209125590000e+16
1.526997614992864000e+16
2.494341803774508400e+16
1.485389063674772800e+16
1.905679999382381600e+16
1.988392797960019200e+16
1.811791081195898000e+16
2.182419290575100800e+16
1.942755803494978400e+16
2.023202233996934000e+16
1.734829373736623800e+16
2.008246092848333200e+16
2.083054892330164800e+16
1.921335005961986400e+16
1.842126149037499600e+16
2.004901166125197200e+16
1.957516077427137200e+16
1.319543696925118600e+16
1.375934208601997400e+16
2.064418698504210800e+16
1.677764103818081000e+16
1.446405051266850600e+16
1.719477479092371800e+16
1.966509556381467200e+16
1.657810896888383200e+16
1.913327866183666400e+16
1.522213583500019800e+16
2.206843845279952000e+16
1.710149523881049200e+16
1.671065785402238200e+16
1.613787066358238000e+16
1.744089432903054800e+16
1.860715867420525200e+16
1.597934112221535800e+16
2.075894253130599600e+16
2.229480195663396400e+16
1.935246711564634000e+16
1.908796887627271600e+16
2.361819011236078000e+16
2.242176085285974400e+16
1.828639023858330000e+16
1.134734091915989600e+16
2.026399995216334400e+16
1.176258146605656800e+16
2.365699845322339600e+16
1.920994556269131200e+16
1.865588354972201200e+16
1.666182772509799000e+16
1.991543228272555600e+16
1.647778957482679200e+16
1.886050764557594400e+16
1.617544600027945800e+16
1.275129501360042600e+16
2.029347563368701200e+16
1.186967080520115000e+16
2.284516352634902400e+16
1.956783429793694000e+16
1.699222304814917800e+16
2.147164203640797600e+16
1.345603442499309600e+16
1.825774579289891200e+16
2.282373852591966800e+16
1.652926881417189400e+16
1.712624135665570600e+16
2.405226595872010000e+16
1.436212178753094000e+16
1.993197941700524800e+16
1.355196128036499800e+16
2.083055465044878000e+16
2.124154226278248800e+16
1.409802379891498200e+16
1.994830480925455200e+16
1.399306358109575400e+16
2.114117154126912400e+16
1.916197907686022800e+16
1.954308953411183200e+16
1.864334053619900800e+16
2.101814545914848800e+16
1.526018849297336400e+16
2.157567024390816000e+16
1.771735950519107400e+16
1.847178713279950800e+16
1.967971409051029200e+16
2.234937944707766800e+16
1.474040948413685400e+16
2.323990024337056000e+16
1.628453363936229000e+16
2.025338910294534800e+16
1.635880884153678400e+16
2.103911246224787200e+16
1.601349753656781600e+16
1.365532163506727600e+16
1.495445189016318600e+16
1.831059485033200000e+16
2.092484080402296000e+16
2.031365904876254000e+16
1.543603776257916400e+16
1.797693103218085600e+16
1.976580074309706400e+16
1.231036054988316200e+16
1.775367090441306800e+16
1.990330261414149200e+16
2.495083417374256400e+16
1.698220344321844600e+16
2.028514637569250000e+16
1.744571032515476000e+16
2.075180122375026400e+16
2.099058195305224000e+16
2.180615847506170000e+16
1.265367538325106600e+16
1.829405598489996800e+16
1.608732074796027600e+16
2.101923205238747200e+16
1.317871931289792800e+16
1.976413802147717200e+16
2.322745047764072400e+16
1.634100238460407200e+16
1.734447950607963600e+16
1.291132499529243400e+16
2.171353928693757600e+16
1.575539212293637800e+16
1.919908367611547600e+16
2.142298480088014400e+16
1.863893930863900800e+16
1.548077508716401600e+16
1.859857546691792800e+16
1.834454548222684400e+16
2.543253659634442400e+16
1.471783992341338400e+16
2.309712355723445200e+16
1.780143623689978800e+16
1.664138571797358000e+16
1.333952353572875600e+16
1.714250231491245800e+16
2.184415586079770000e+16
2.332571207898310800e+16
2.214570383157934000e+16
1.261094761377117000e+16
2.018431603430926800e+16
2.703659218629932800e+16
2.090318405965332400e+16
2.182018475052458800e+16
1.432347998193018800e+16
2.143107565312208000e+16
1.804457677037226800e+16
2.008647011593442800e+16
2.425303012162984000e+16
1.925041356258660400e+16
2.001795986848376000e+16
1.890809662211851200e+16
2.273784645801247200e+16
1.688126376990908200e+16
2.095062836612390000e+16
1.556483590555765000e+16
1.868612718113012800e+16
2.383866315810343600e+16
1.891159859625816400e+16
1.968957401796131200e+16
2.147538633401705600e+16
1.707169501064748000e+16
2.439328625531666400e+16
2.064514169165780800e+16
1.417724257775170800e+16
2.316912813008697600e+16
2.073444638712176400e+16
2.214584223327959600e+16
1.883641045147531600e+16
1.998432498128064800e+16
1.575532255404477200e+16
2.072738723069495200e+16
1.596140218632521800e+16
2.064488927785978400e+16
2.204330129284074400e+16
2.120433418358712800e+16
2.083749333969706800e+16
2.442358412352786800e+16
2.059761095761608000e+16
2.196649998753719200e+16
2.060777507391399600e+16
1.626138875728033200e+16
2.161220978122266800e+16
2.041903768411661200e+16
1.892494609609504800e+16
1.970500421776806400e+16
1.980002161135663600e+16
1.835621013064459600e+16
1.867581620127912400e+16
2.121277480991443600e+16
2.055438612462961200e+16
1.983132989876369200e+16
2.230618492080813600e+16
2.796930596937724400e+16
1.662289345966415800e+16
2.144258661583758000e+16
1.758918080038357600e+16
1.654847322651397800e+16
1.841215237226694400e+16
2.025211115735253200e+16
1.945203191816660800e+16
1.769550810204951400e+16
2.033997792908797600e+16
1.855110286351478000e+16
2.109938872400615200e+16
1.928108062391495200e+16
1.998111234749151200e+16
1.836395715376904400e+16
1.807992344416344400e+16
2.310647374531084800e+16
2.211701711766804800e+16
1.774686349516444200e+16
1.768425975469045600e+16
1.899304427472052000e+16
2.054396995422465600e+16
2.010954880014541200e+16
1.936089187868363600e+16
2.339596540781902000e+16
2.053699168231794800e+16
2.170516390321512400e+16
1.703965960969273600e+16
2.135484725579204000e+16
1.912690465449774800e+16
1.537067033027752400e+16
1.880494449584875600e+16
1.881875450675370800e+16
2.079055918458672000e+16
1.637228122231449800e+16
2.256002702341576000e+16
2.144552701994292400e+16
2.261808358426648400e+16
1.344169372034845200e+16
2.549874205726128000e+16
2.143300117299053200e+16
1.899754887860330000e+16
1.573949229987382400e+16
1.167469903206927400e+16
1.651141318700203800e+16
2.558991747126417200e+16
2.025576872052364400e+16
2.219012709091215600e+16
1.572216547653295600e+16
1.351373230419078200e+16
1.844938556391402800e+16
2.161762895049944000e+16
1.455788485818232600e+16
2.251775870587168000e+16
1.871227621816539200e+16
1.528676369244393800e+16
2.029968125649279600e+16
1.907395719864288800e+16
2.312258356910372400e+16
1.754396020736417400e+16
1.926226326470004400e+16
1.958721169485202000e+16
1.507590835947365200e+16
1.807111298831702400e+16
1.623894838131152800e+16
1.980656798722092000e+16
1.942147172133366400e+16
2.001398416645972400e+16
1.708600178710036200e+16
1.840426955214600400e+16
1.961393870439921200e+16
2.467677589345708800e+16
1.583516221275754000e+16
1.771484657374642600e+16
2.108871471777210800e+16
1.707361085753523600e+16
1.133694985902010800e+16
2.072328604621895200e+16
1.476700720356875000e+16
2.290792429252876800e+16
1.461183634068971600e+16
2.305423578176063200e+16
1.609662898927549200e+16
1.657719661438269400e+16
1.508128134076041800e+16
9.086414618032322000e+15
1.410352261104260400e+16
1.764797769077720800e+16
1.750968850318626200e+16
2.138969577028233200e+16
1.505525743659753000e+16
1.594718713202877200e+16
1.145960472607150200e+16
1.911826432147752000e+16
1.354816517839768200e+16
1.903705997492498400e+16
1.798869264421336600e+16
1.554456057691880200e+16
1.485086761320608800e+16
1.272223810974580800e+16
2.229211755375708400e+16
1.661640057969765400e+16
1.641901780932734800e+16
1.921933921462100800e+16
1.700946213570306400e+16
2.258304025757498800e+16
1.801755928586404800e+16
2.285453976609003200e+16
2.658117356732953600e+16
2.245932432095659200e+16
1.861202678164545600e+16
1.781418071657191200e+16
2.140210368107180000e+16
1.558466103016099400e+16
1.811967133375657200e+16
2.411953153370250400e+16
1.574122931269021000e+16
1.719468561263181200e+16
2.068407864546349200e+16
1.342398768978429400e+16
2.459675278495848800e+16
2.227818797876780800e+16
1.670586473721344200e+16
1.150685439414294400e+16
2.571325965780418000e+16
2.145585219184147600e+16
1.764435217314933200e+16
2.420132810240269600e+16
1.720672245951119000e+16
1.588408179799719800e+16
1.761167194505515200e+16
2.180753006281826400e+16
2.083261495201654000e+16
1.752883071125734200e+16
2.025567449792839200e+16
2.096973312233944000e+16
2.362224408311265600e+16
1.489945874982106600e+16
1.201107597626485800e+16
1.985218823096608800e+16
1.391557264412721400e+16
1.631342284053180200e+16
1.764852409838958400e+16
2.246621348509412400e+16
2.102730313682076800e+16
1.231804265885624800e+16
1.699358090338127800e+16
1.951813498081360000e+16
1.457726444624366000e+16
1.831043898176660400e+16
1.752372031566195800e+16
1.989143912718676800e+16
2.133423100808996800e+16
2.249423005334473600e+16
7.789475228909959000e+15
2.176177874115446000e+16
1.878350664293140800e+16
1.783026017926565400e+16
1.759614910442163600e+16
1.843022287899177200e+16
1.835719792110596800e+16
1.738671104958486600e+16
1.696016005230942800e+16
1.754427063508855200e+16
1.866267090514474000e+16
1.772973913720282600e+16
1.920690435218296400e+16
1.270413380881760400e+16
2.470327173869584800e+16
2.305483799148711200e+16
1.494957625722071000e+16
2.516061604673281600e+16
2.194279969255475600e+16
2.282629120331129200e+16
1.628675765354357400e+16
1.464883108488379000e+16
2.191187674493861600e+16
2.004972493096104000e+16
1.892146946341105200e+16
1.994808023705140800e+16
6.449579024208825000e+15
2.185869335698998400e+16
2.005677857954147600e+16
2.100348669757006800e+16
2.154218759674614800e+16
1.807867305511877600e+16
1.985068097912216400e+16
2.192369995599237600e+16
2.083636353797025200e+16
1.802142445907900000e+16
2.052554589273667200e+16
1.805187414048411600e+16
1.727947830301300800e+16
2.151748630047798400e+16
1.644827825777306600e+16
1.961603460707566400e+16
1.681780384663969200e+16
1.224464897016011800e+16
2.050403479003268000e+16
1.584933753392695200e+16
1.208091545236083400e+16
1.176305725722382400e+16
1.850226358915025200e+16
1.712700413856559400e+16
2.142972994644722800e+16
1.773359932460462000e+16
2.355504170252228400e+16
1.717144025492552800e+16
1.862733404178190400e+16
1.970706443072331600e+16
2.487523687960588000e+16
1.897153112717688400e+16
1.865041045260869200e+16
1.520600714671276200e+16
1.308506796532151800e+16
1.321058704032862800e+16
1.860658026998514800e+16
2.228238584928718000e+16
1.993726697612072400e+16
2.237676138747959600e+16
1.483678166851052400e+16
1.854106528808036000e+16
1.900730340416663200e+16
2.190564260123729200e+16
2.003027833888981200e+16
2.567147431418904400e+16
1.888109756996978400e+16
1.640392226018158400e+16
1.545787498300456200e+16
2.159915210103886800e+16
2.127978097568975600e+16
2.047466065045976000e+16
2.034436917274148000e+16
2.323448397083894800e+16
2.034685489264573200e+16
1.718407887080365800e+16
1.692361789343538600e+16
2.212216560611247200e+16
2.079348830096794400e+16
2.305503831613236000e+16
1.946614140833264800e+16
2.036109912136841600e+16
2.297986139272483600e+16
2.257681131605259600e+16
1.887344278634200000e+16
1.324058303847617000e+16
1.468126486645897600e+16
1.896864997506368800e+16
1.869083882441996400e+16
1.849733344892890800e+16
1.674413121397862800e+16
1.830286307802852000e+16
2.188760557789208800e+16
1.504787993133116600e+16
1.942076983576133600e+16
8.778135330517451000e+15
1.827670822854562000e+16
2.370610982376028400e+16
1.735543626405007800e+16
1.498135507538068800e+16
1.910120863927754400e+16
2.191833108020525200e+16
2.009236382301800000e+16
8.592178123567158000e+15
2.124665873097882000e+16
1.433136027699785800e+16
1.590658613026740600e+16
1.918684307068344400e+16
2.108614781456842400e+16
2.248484654196268800e+16
1.856408911767272000e+16
1.884161308146505600e+16
2.159493839093004400e+16
1.926537711913233600e+16
2.381977252590720400e+16
2.373090649961967600e+16
2.031908287870055600e+16
2.179788687951385600e+16
2.321148912233264400e+16
2.137140249276093600e+16
2.454555932610514800e+16
1.518928317364874800e+16
2.012898476288370000e+16
2.699186527230530000e+16
2.448338973222713200e+16
1.959013976224908800e+16
1.975906704467727200e+16
2.249167431034494800e+16
1.844448321386792400e+16
2.177911301456936000e+16
2.236718416068017200e+16
2.173347941992275200e+16
1.848376885568301600e+16
1.896437921980237600e+16
2.007177391055176000e+16
1.672187740840361800e+16
2.317247988154972000e+16
2.384350074023329200e+16
2.382307008205365200e+16
1.598969194444009200e+16
2.317948837979378000e+16
1.929138135367439200e+16
1.820340384645932400e+16
2.081818233606192400e+16
1.852687268651834800e+16
1.635132742377906400e+16
1.896035957284099600e+16
2.301008397962230800e+16
1.909723320865176400e+16
1.983400662721086800e+16
1.968249242500745200e+16
2.228212397638402400e+16
2.086200102963410800e+16
1.674997460706867600e+16
1.673461155048345600e+16
1.985890113334098000e+16
1.429420487605907400e+16
1.981073429121934800e+16
1.658150088817714200e+16
1.368029089327809400e+16
1.691698017517409200e+16
1.834139172444697200e+16
1.629891288650751600e+16
2.192158907965557200e+16
1.918017736882024800e+16
5.763636628239593000e+15
1.822846844263933200e+16
1.800065835225894000e+16
2.332707025737529200e+16
1.682481249809372200e+16
1.205409026958366000e+16
2.799450438703818000e+16
2.088129642925816000e+16
1.394598919616428200e+16
1.963449286491766000e+16
2.087402525372077200e+16
2.173495228283661200e+16
2.408863926437978400e+16
1.371504993065277400e+16
1.799033214123096800e+16
2.252359688159314000e+16
1.910402381273727200e+16
1.815504165601919200e+16
1.780286243661356800e+16
1.429258068110804600e+16
1.025467261258698600e+16
1.781077063523481600e+16
2.569607801980902800e+16
2.311182154342228000e+16
1.792813640400872200e+16
1.677410958363497800e+16
2.221874474550467200e+16
2.032651087697859600e+16
1.620377008994700000e+16
2.360258480849204800e+16
1.490568494680480600e+16
2.840018672995538400e+16
1.789580190192667800e+16
1.630446413359766600e+16
1.293351893828823600e+16
2.178359798979014800e+16
8.581250301602368000e+15
2.131244364487041600e+16
2.026278105627690400e+16
2.604154458574614800e+16
1.174565974613165600e+16
1.611127863954503000e+16
2.612259449588218000e+16
1.550813858548997600e+16
1.834127460105278000e+16
2.168723381312265200e+16
2.009609628023428400e+16
1.702707680110538200e+16
2.329452941222847200e+16
1.762648438171203600e+16
2.601460001941600400e+16
2.172889706105979200e+16
1.986876650541454000e+16
1.933924466972542000e+16
1.917268677290028800e+16
2.086172194501079600e+16
1.822927516415359600e+16
1.587155657632058200e+16
2.098951059073824000e+16
2.291957703085179200e+16
2.047105564479996400e+16
1.827836921085156000e+16
1.792288636459861200e+16
1.457251278496058800e+16
2.287431013877955600e+16
1.173840540289284800e+16
1.348581038978156800e+16
1.818950927747827200e+16
1.828814345739465600e+16
1.505428348955144600e+16
2.106226259085721600e+16
1.744189951380165800e+16
1.936709797473793600e+16
1.389971538822583400e+16
1.194841554815905800e+16
2.418970559457302000e+16
1.954815020782700000e+16
1.651120436073382400e+16
1.972830175575117200e+16
1.670966491993760800e+16
1.846579342643106400e+16
1.803676265036292000e+16
1.881420714536354000e+16
1.791281257503189000e+16
1.654875330120595800e+16
2.389180774667502000e+16
1.382581843735605400e+16
1.753174675616247200e+16
1.907087644154133200e+16
1.385441169244330800e+16
1.544622793386527200e+16
1.683245416214036600e+16
2.135815115965344000e+16
2.604934398759474000e+16
1.655470247597297400e+16
2.108181043012824400e+16
2.322535273905285600e+16
1.755647382958809600e+16
1.643247002103229400e+16
2.059607583683110400e+16
2.625698656931098400e+16
1.347192899119089800e+16
2.208175950053878400e+16
2.005371852397880000e+16
2.237502205416993200e+16
2.230887780952973200e+16
2.266750141358025600e+16
1.660633067809757000e+16
1.975857188762347200e+16
1.905479735956893200e+16
1.703490937326113200e+16
1.975660555593678800e+16
2.491892522154003200e+16
1.367042915723708000e+16
1.967859166013092400e+16
1.462778785104841200e+16
2.316352080421382800e+16
2.223484372594789600e+16
1.569639598009667600e+16
2.010055001942331200e+16
1.495319094672043200e+16
1.430961586684362000e+16
2.534546985805984000e+16
2.483974966560218400e+16
1.423040057999188800e+16
1.383844279679223800e+16
1.780998005712694800e+16
2.463972137210455200e+16
1.200457243673218600e+16
1.621796557102066000e+16
1.032563510112236400e+16
1.925393447842664000e+16
1.712800499524715800e+16
2.062842008119349600e+16
2.181352959934946000e+16
1.843862811360379600e+16
1.746078154774240000e+16
2.033792326422066000e+16
1.726858000632110200e+16
1.648156174430840000e+16
1.875004660239936000e+16
1.827571491223864400e+16
1.390152429459794000e+16
1.840058223196362800e+16
5.110641465007059000e+15
1.808494566231417600e+16
2.462652445595581200e+16
1.921326095644452000e+16
2.005554484768969600e+16
2.043153151114822000e+16
2.480516965366825200e+16
2.111149326278037200e+16
2.057524016171390000e+16
1.059560932478805200e+16
2.055649770610430000e+16
1.552006983088549800e+16
1.697388948506036800e+16
2.183308574538264400e+16
1.594624408202216400e+16
1.589606190396337600e+16
1.709885531248347000e+16
2.219473717882060000e+16
1.686863179557335200e+16
1.563492236262556600e+16
1.715091713236348800e+16
1.781921190810455200e+16
1.528757892366753200e+16
1.596251389588923600e+16
1.303733335777957200e+16
2.151489650833372800e+16
2.286266173923626000e+16
1.622227540978616800e+16
1.891965378808008400e+16
1.492274383780171600e+16
2.515362176856862800e+16
1.712719658659400000e+16
1.586441657232325000e+16
1.727772507750491200e+16
1.578911902211813800e+16
1.731008051595782600e+16
1.607887742243679200e+16
1.737332016277097800e+16
1.430009571016001200e+16
1.567614607353643200e+16
1.248293905848213200e+16
1.120422649558469800e+16
1.639821358197596200e+16
1.812346889574098000e+16
1.439838894345952200e+16
2.469142214728325600e+16
2.052506513716303200e+16
2.555596658841600400e+16
1.344432046797210000e+16
1.224299931880814000e+16
2.264450362362409200e+16
2.262641090638590400e+16
2.221768530170662400e+16
1.564619090401784600e+16
1.585276011358856200e+16
1.864845555373843200e+16
2.121589753986471200e+16
2.335253577881403600e+16
2.371915378556088800e+16
2.187512387275812000e+16
1.266766586523651200e+16
2.348122829986546800e+16
1.812053625573412800e+16
1.766382879351284000e+16
2.689182665182689200e+16
1.755112872605101400e+16
2.006984511345999200e+16
1.901986510716554000e+16
2.260557139793168400e+16
2.189974249946111600e+16
2.097153978469030800e+16
1.515283641827973200e+16
2.430908615904096000e+16
2.891273775548348000e+16
2.487739454391273200e+16
1.930347685667900000e+16
1.995465438377809600e+16
1.320583364205281200e+16
1.853171109041533200e+16
1.703381390925477400e+16
2.161218136795300800e+16
2.259930567894924800e+16
2.215533423977282000e+16
1.747982005754468800e+16
1.136144399379890200e+16
1.912940067290236400e+16
2.162031492289192000e+16
2.018147510838256400e+16
1.382840270066360800e+16
2.006001428782192400e+16
1.851386589020295600e+16
1.980789507588448800e+16
1.417373041860921200e+16
1.720349608682259200e+16
1.710064492807980600e+16
2.396623280640091200e+16
1.653975235557078400e+16
2.167729986132450800e+16
1.711193698830772800e+16
2.192835458374280800e+16
2.464770986294657200e+16
2.313483590804149600e+16
1.792217192115422200e+16
1.682955320079181000e+16
2.059830941948917200e+16
1.791161974405813800e+16
2.095212753207838000e+16
2.000899846762590000e+16
2.238492409904312000e+16
2.595861100243371600e+16
1.635806895665068800e+16
1.658544441946682000e+16
2.066978856084184400e+16
2.145197328615960800e+16
2.114368661024475600e+16
1.601456364082893000e+16
1.817352565602229200e+16
1.966566480914098000e+16
2.439078713264020400e+16
2.381381915048968400e+16
1.308568828911972800e+16
1.817755050859926400e+16
2.172367003010748800e+16
1.806299446841283600e+16
9.691899134038536000e+15
2.257333277989628800e+16
1.449842033795968200e+16
1.694651468346214000e+16
2.587498299338171200e+16
1.253008563656265800e+16
2.276568694834340400e+16
1.448838740780490000e+16
9.906791839066994000e+15
2.318870248372287600e+16
1.826402742918834800e+16
1.136587794225253000e+16
1.544415599209822800e+16
1.810715972976800800e+16
2.452302339333841600e+16
2.035261042291945600e+16
2.386367152704591600e+16
2.306742097318530400e+16
1.997225720400157200e+16
1.821769282696428000e+16
1.942804464378522400e+16
2.327826879769725600e+16
2.064012726098326800e+16
1.657901482173707600e+16
1.528229347227885200e+16
1.595578663728409000e+16
1.487833658391329200e+16
2.491634477763881200e+16
1.989954152604056400e+16
1.594933356557685400e+16
1.377278957083250400e+16
2.276664097022882000e+16
1.708320011284846200e+16
1.643708891380913600e+16
2.073757968560050800e+16
1.994578527986723600e+16
9.836729395787776000e+15
1.929495985288639200e+16
2.018255846147960000e+16
2.137359265061982800e+16
2.152824674659477200e+16
2.057039412767151600e+16
2.016387759191952800e+16
1.932626601712846400e+16
1.458775435553709800e+16
2.373435835900194400e+16
1.604823166085337800e+16
2.029693707798921200e+16
2.096029703916580800e+16
1.408773401432143400e+16
1.921951793223925200e+16
1.959038596604425200e+16
1.946352129932728000e+16
2.404627351322973600e+16
2.144106424603619200e+16
1.785783116467022200e+16
2.420202847740768000e+16
1.869555157959207600e+16
2.082308328416638000e+16
2.190594372916351200e+16
2.538592253678344000e+16
1.835279275302138400e+16
2.046019872882572400e+16
1.866561345030986400e+16
2.082991892265702000e+16
2.018861016292515200e+16
1.893289451269649200e+16
2.128134432548080800e+16
1.645810683130000400e+16
1.420916290254597200e+16
1.773855544895117800e+16
2.214085028834472000e+16
1.441495208151077800e+16
1.503554060447558400e+16
1.888770941127326400e+16
2.909342584852867600e+16
1.932780562331066800e+16
1.838024558423930000e+16
2.204039739893456000e+16
1.920208130396154400e+16
1.651564419643244000e+16
2.057526566233332800e+16
1.373138865887129600e+16
2.095535407336254400e+16
2.195636065010331600e+16
1.191085905164866000e+16
1.456904605905234400e+16
2.204908423972148400e+16
1.899306136217777200e+16
1.572946830868654200e+16
1.753183382597285600e+16
2.253686525908362000e+16
2.926889726214579600e+16
2.210720391009669200e+16
1.796349104566831400e+16
1.910090029813195600e+16
1.722462417421451600e+16
2.040476440689530000e+16
1.662659205958947200e+16
8.995722448268788000e+15
1.796751095698598800e+16
1.262281246159688400e+16
1.216379737829208400e+16
1.168285434542712800e+16
2.054008805796149200e+16
1.695982561927959800e+16
2.014412903147260000e+16
1.537534091018483600e+16
1.991949241815428400e+16
1.986535740353442800e+16
2.158073435008449200e+16
2.180649465470247600e+16
1.991035150589360400e+16
2.428489011789688800e+16
2.178922671124240400e+16
1.399792893890314200e+16
2.242498188128619600e+16
1.846332065079751200e+16
2.526781691656608800e+16
1.721327648036443600e+16
2.104466371300989200e+16
1.805252243771393600e+16
1.852113935029073200e+16
1.858958318977218400e+16
2.054900244036812800e+16
1.704717039927543200e+16
2.376610668671939600e+16
1.849425512748357600e+16
1.716066656367427800e+16
1.378074254943624200e+16
1.525269269255287400e+16
2.245657967869655600e+16
7.238724191256604000e+15
1.734680611173220600e+16
2.232163976682728400e+16
2.583677094184326400e+16
2.193923156562768400e+16
1.734235405444272600e+16
1.550311926378682800e+16
1.945645506360065200e+16
2.035685576830116400e+16
1.547321401196810000e+16
1.380956614473810800e+16
1.893895025923548800e+16
1.871466099677846400e+16
1.919428073729473200e+16
1.421154432691809200e+16
1.007504521469464600e+16
2.023935449762404000e+16
2.278127852859873600e+16
2.006400092283111600e+16
1.058931502240001400e+16
1.893570528051314800e+16
1.773326069036736600e+16
1.807977156018006800e+16
2.117791057513212000e+16
2.373517534796434400e+16
1.853087695083859600e+16
1.641169330522911800e+16
1.131138148547653800e+16
2.112198911412433600e+16
9.511314083239154000e+15
1.486159471421949600e+16
1.655551133075206400e+16
2.555797683235560400e+16
1.815949519335121600e+16
1.225595707167570800e+16
1.999016554044491600e+16
1.665548439045936200e+16
1.574486708259623000e+16
2.102912538095597200e+16
1.539171500879334000e+16
1.446360626972648000e+16
1.410560198520456200e+16
1.794743826779456200e+16
2.830620835467973600e+16
1.950730432901404400e+16
2.491721457525424800e+16
2.571846406039655600e+16
1.762119180123231200e+16
1.278677717867686000e+16
2.561071769988321200e+16
1.197488378278123800e+16
2.380760690011084800e+16
9.265853790503928000e+15
1.608320290578675400e+16
1.485167476180732600e+16
1.298937242159693400e+16
1.826483387029885200e+16
1.560939525725657600e+16
1.766270766715384200e+16
2.158376508089198800e+16
1.965219652890562400e+16
1.650828436033459000e+16
1.414722732638829400e+16
1.577174378519829400e+16
2.095851303030958800e+16
1.899277180389164000e+16
1.405964263435473600e+16
2.175318836535058000e+16
1.821346156282178800e+16
2.322310903109978400e+16
2.277420516461854400e+16
1.237013175743193200e+16
1.657728152266675400e+16
1.613344976778147800e+16
2.711066557784148800e+16
1.737444865181282000e+16
2.125714798634602800e+16
1.861907690552598000e+16
2.218667623671900000e+16
2.420895558702920800e+16
1.981174121590959600e+16
1.691853993120424800e+16
1.083655389811213400e+16
1.700835698595486400e+16
2.333594795027258800e+16
1.910345687162908000e+16
1.240041910618422800e+16
1.972938731558113200e+16
2.239081015587510800e+16
1.630560618002459800e+16
1.875433940869968400e+16
1.958539830352083600e+16
2.686012190754442000e+16
2.165512817047781600e+16
2.318614020995271600e+16
1.953302773537597600e+16
1.599923851358253600e+16
2.494956515041665200e+16
1.545619104713508000e+16
1.845509148806798400e+16
1.988137726665112800e+16
2.593300798749415200e+16
2.016589144197571600e+16
1.915150483316742800e+16
1.602717611397557000e+16
2.455811077259368800e+16
2.137903933785120000e+16
1.257554611642716600e+16
6.354949449763640000e+15
1.853311190772939600e+16
1.302619023675943200e+16
1.246001514606441000e+16
2.098574598311522400e+16
2.553448759869270000e+16
1.949792786119531200e+16
2.383484992689058000e+16
2.274938660975614000e+16
1.707604718382027000e+16
1.908614948095409200e+16
2.403409458751346000e+16
1.107042062345874400e+16
1.252811844814981400e+16
1.538672770097595000e+16
1.865727716238576400e+16
1.756696266994508200e+16
1.873102937769615600e+16
2.101023841059821200e+16
1.145654616986734200e+16
2.357646594229295600e+16
1.759892223725884600e+16
2.213174164065134800e+16
2.128971818491136800e+16
1.662317786699824600e+16
1.507462347039150200e+16
7.706722522538185000e+15
1.614813199993569400e+16
1.931928261459418000e+16
1.968576336891561600e+16
1.061812036222253600e+16
1.714116430195132200e+16
1.451367153679586800e+16
1.451070852865317400e+16
1.979314046684343200e+16
1.611435330401907800e+16
1.919983293709846000e+16
2.320882963431643200e+16
2.268117539949059600e+16
1.892542976811967600e+16
2.406501835764884400e+16
1.855142561856500800e+16
2.123087610777041600e+16
2.344911569719500400e+16
2.080373097261116400e+16
1.836376381363771200e+16
2.009726922060444000e+16
1.177061880466904800e+16
1.834737490073276800e+16
1.467239197200767000e+16
1.298660806453116000e+16
1.277945489573304000e+16
6.924499480257710000e+15
2.283603194406677200e+16
1.663023750966626200e+16
1.667488187197900000e+16
1.291783487450058000e+16
2.018545943067290400e+16
2.490184799400174000e+16
1.666247688544200600e+16
1.279035491083355400e+16
1.882168107645968000e+16
1.687261752702098200e+16
3.227262118292246800e+16
2.161437032619984800e+16
2.321706144614704800e+16
1.513531824242339000e+16
1.817606202231764800e+16
1.182658690863681200e+16
1.837628462938072800e+16
1.273000432922485800e+16
2.215392675230059200e+16
1.752222213986614600e+16
2.758530664702199600e+16
1.458653770453533200e+16
1.390106737376379200e+16
2.791004863397361600e+16
