1.611593533024033400e+16
2.061183527528370400e+16
1.929694455205444800e+16
1.884098037804195200e+16
2.038790400116769600e+16
1.577372474103542200e+16
1.986320561565385600e+16
2.292597400690996800e+16
1.898439632936277200e+16
1.145825793717610200e+16
1.999946071184224800e+16
2.160773632601215600e+16
1.280290382923830000e+16
1.871636459332489600e+16
2.198357370244857600e+16
1.631048777826408600e+16
1.451437036810677200e+16
2.104407823266312400e+16
1.690235433381967600e+16
2.199543617830265200e+16
1.993385656696726800e+16
2.047276518415732000e+16
1.844614254052313200e+16
1.615762012834013400e+16
2.037377398766682400e+16
2.252163394973952400e+16
1.627517272722318400e+16
2.055903732818188400e+16
1.821496265540760800e+16
1.841197612988480800e+16
1.901757025414305600e+16
2.256632366494414800e+16
1.991865474495584000e+16
2.167969886263938800e+16
2.152818965398457600e+16
2.113841414223822000e+16
2.240012718903172400e+16
1.731077029699420000e+16
2.031606791645682800e+16
2.162392060348394000e+16
2.315780074712616800e+16
2.537454632748332800e+16
1.485269746745649000e+16
1.584706447455783400e+16
1.885829485369942000e+16
2.312150092085456000e+16
1.662110116149608200e+16
1.433261808413606600e+16
1.107519853020565200e+16
1.282973282691209000e+16
1.045416857745643000e+16
1.348050916020048600e+16
1.410207208005917400e+16
1.872230351844677600e+16
1.818923760067424000e+16
1.285559330367609000e+16
1.847523749952689600e+16
1.075120473731331800e+16
1.313150844844149400e+16
1.137587573954662800e+16
1.793910239072152800e+16
1.627681621663477000e+16
1.244430186484254200e+16
1.521877682348599200e+16
1.333105115482883000e+16
1.081495251628462400e+16
1.706467764419308200e+16
1.740892852518037200e+16
1.195419576175256400e+16
1.208719870436363600e+16
1.297872714036483200e+16
1.752601218740580200e+16
1.408361923075731800e+16
1.682883487313492400e+16
1.242547333900407400e+16
9.148699546185404000e+15
1.846973346166409600e+16
1.788126490150521800e+16
1.198097480340853400e+16
1.120851809733576200e+16
1.930699976066509200e+16
2.005519749520148400e+16
1.713427105406245200e+16
1.415020074520042600e+16
1.093841243626503600e+16
1.371480032701263000e+16
1.592861805275108000e+16
9.714707070685042000e+15
1.291424907229616200e+16
1.087692071061323200e+16
1.690377779105023600e+16
1.317031532259483800e+16
1.323419892997733600e+16
1.240257599774852400e+16
1.751297303436860000e+16
1.844736010403562000e+16
2.033453150299389600e+16
1.257129347099183000e+16
2.221569822176327200e+16
1.853414185188467600e+16
1.557239254068136800e+16
1.523868632729648200e+16
1.874309679452464000e+16
1.643066808352268000e+16
1.493153855465038200e+16
2.042790217522762800e+16
1.886210501979415600e+16
1.572856564719314800e+16
1.783284953187487400e+16
2.278146430222436800e+16
2.076066863729020400e+16
1.231116575790709200e+16
1.239124666133451600e+16
1.398087897422264400e+16
1.571403839125048600e+16
1.698860510927085400e+16
2.043355587917369200e+16
1.982180063040984000e+16
1.773852195770595800e+16
1.361508095605764800e+16
2.199305581391788800e+16
1.737885271735963200e+16
1.812862653458734800e+16
1.555093559393842800e+16
1.521726069490537400e+16
1.745018466955014000e+16
1.782187534150297800e+16
1.543127205947706400e+16
1.541025862737292800e+16
9.682063206501396000e+15
1.542690229813308600e+16
1.120010350206729200e+16
1.483813635348792400e+16
1.814225212666203600e+16
1.940950804131315600e+16
1.565522603266428400e+16
1.593287375862693000e+16
1.965356561022257200e+16
1.768555175644066400e+16
1.352087119217057600e+16
1.778296507698451400e+16
1.677062026462269800e+16
2.089418461780663600e+16
1.267843877290339000e+16
1.826529800055602000e+16
2.194568878874426800e+16
1.176962531854010200e+16
1.273054064661485600e+16
1.996897444226872800e+16
1.371350711812841800e+16
1.817257478557508800e+16
1.906920766889140800e+16
2.101474540424801200e+16
2.473004328644698800e+16
2.072436789543730800e+16
2.093470192211176000e+16
2.222345506577306800e+16
2.190337634266382800e+16
1.357768498249437000e+16
1.631809133658428400e+16
1.787587433536544000e+16
1.889876354985210400e+16
2.042905380972983600e+16
1.672687661399856800e+16
1.203154042665017600e+16
1.709461778470737600e+16
2.305602535765090000e+16
2.060160823390370800e+16
1.468988403311764200e+16
1.789830420659140400e+16
1.768869475929026400e+16
2.372819651192420800e+16
1.329826956906054200e+16
1.377594782718241200e+16
1.806765750128185600e+16
1.689337547710170400e+16
1.850311226397982000e+16
1.941648412268393200e+16
1.593003870468014600e+16
1.420047840720583200e+16
2.183824204002766000e+16
2.266944639429181600e+16
1.898678819221830800e+16
2.097378780111940000e+16
1.843525532182449600e+16
2.124492483770678400e+16
8.439295696954956000e+15
2.335677826557720800e+16
1.995604101877219200e+16
1.769198246263925000e+16
1.966243916445685600e+16
1.515350424968224200e+16
1.632532939851845800e+16
1.777557344287151800e+16
1.679833842155894000e+16
1.656930916740760400e+16
1.664679953614068600e+16
1.836988433573275200e+16
1.386486982115722600e+16
1.832881529150118800e+16
2.174879557111398400e+16
2.011203077389336000e+16
1.668477204561933600e+16
1.371622560790711400e+16
2.499724096554303600e+16
1.903951346185819600e+16
1.575762316595903400e+16
2.024973747508601600e+16
1.672432271458052200e+16
1.114376534024969600e+16
1.796416633093563800e+16
1.375631408364095600e+16
1.830482329929218000e+16
2.201695390156424800e+16
1.150880290082184200e+16
1.773134651323175400e+16
1.497196262799105000e+16
1.772615052923435600e+16
1.642370976274452000e+16
1.796896065012696200e+16
1.920041979577304800e+16
2.005176397088895600e+16
2.132119101845856800e+16
1.642161265764293000e+16
2.098754855983838400e+16
1.323941285821122600e+16
1.900308877562593200e+16
1.305087979052647400e+16
1.007955276219664600e+16
1.833553522603898800e+16
9.163946974597854000e+15
1.609286206769560400e+16
1.957421849315489200e+16
1.036299991559004000e+16
2.167883623591599600e+16
1.445792457271164600e+16
1.598781179273337000e+16
2.020933048188586000e+16
2.194972844545728000e+16
1.454817088982791800e+16
1.822860646206530800e+16
1.804570727126844400e+16
1.492328063613194800e+16
1.166765431120991000e+16
1.924714865456024400e+16
1.975332240163014000e+16
2.071339219671490000e+16
1.613536836463436400e+16
1.789080460181288400e+16
1.247716265261818600e+16
2.010950372276846800e+16
2.211389026144972000e+16
1.756679978511848800e+16
1.298789191561874200e+16
1.406844548879564000e+16
1.493635603127607400e+16
1.990222681127540000e+16
1.273546193313088200e+16
2.039422863028420400e+16
1.804509010017957600e+16
2.107952881632604400e+16
1.270556400141700600e+16
1.725742055346025200e+16
1.755507805501475400e+16
1.731488529848822800e+16
1.946750807935572800e+16
2.536872297375338400e+16
1.756157224955928000e+16
1.917577038254402000e+16
2.147564882374911200e+16
1.905103687561190000e+16
1.887466470078060800e+16
1.393727444945056000e+16
2.129019201432149200e+16
1.791993394756259800e+16
1.902036992329365200e+16
2.188302544742021600e+16
1.440233300682326800e+16
1.673594461806049200e+16
2.211787549023650000e+16
2.273810702323785200e+16
1.966012614406873200e+16
1.183966858076509600e+16
1.968794997619642400e+16
1.973902188735643200e+16
2.508832722165948400e+16
1.927539228804748800e+16
1.307523058081956600e+16
1.892356723747176000e+16
2.079278637389372800e+16
2.186599148199795600e+16
1.585456248475219400e+16
1.760826823237869000e+16
1.881244193446632800e+16
2.086564613225717200e+16
1.969726388188538800e+16
1.738342834990493800e+16
1.909150164961342800e+16
2.034822810048724800e+16
1.654074414072944400e+16
2.182153596113668000e+16
2.060971061111411200e+16
1.081349331400948200e+16
1.266938675637125400e+16
1.537820806153613600e+16
2.048920073884367200e+16
1.510951205419668200e+16
1.603171318983825600e+16
1.849999255916973200e+16
1.733682565093083400e+16
1.274469943152997400e+16
2.232115341805017200e+16
1.662214636172218200e+16
2.069838159021764800e+16
1.350285586853398800e+16
1.095934297016410800e+16
1.790016829331762600e+16
1.255808323278074400e+16
1.560652718560054000e+16
1.707405579019301000e+16
1.402153718366834000e+16
2.147382895111367200e+16
1.845498999845132800e+16
2.065448758286189200e+16
2.115228664988819200e+16
1.425698044990540200e+16
1.939573737085828800e+16
2.022787012300048800e+16
1.482179261426054800e+16
2.102530273442994800e+16
1.790423623251324600e+16
1.944450759434116800e+16
1.869449491459212800e+16
2.416998357390968800e+16
1.662594131228366000e+16
1.207333408390039600e+16
2.311870170855226000e+16
1.783376867398493800e+16
1.830310085597693600e+16
1.905532882783757600e+16
1.404110138688998400e+16
2.186438204261744000e+16
2.426058016249200400e+16
1.452231256603996400e+16
2.074731670310825200e+16
1.462405405446444800e+16
1.524827623423175200e+16
1.722885521688443800e+16
1.239693144406146800e+16
2.103613711803476800e+16
1.526135139910687400e+16
2.174187836304349200e+16
2.110391196277541600e+16
1.449479101232534400e+16
1.828351233958270400e+16
1.863012041603229200e+16
2.141345857020220400e+16
1.566980464513555200e+16
1.638186444792336800e+16
2.258628472120791600e+16
2.178808826169478400e+16
2.122100254751971200e+16
2.012374716284822400e+16
1.405712648427406600e+16
2.098440317871954400e+16
1.534022887060749200e+16
2.459718424581879200e+16
1.984115164024759200e+16
1.693327907677708200e+16
1.228673763131213800e+16
1.990544304340228800e+16
1.819066737357461600e+16
2.139521111113931600e+16
1.738552970751372400e+16
2.339151549391854000e+16
2.232011093165867200e+16
1.942178845775555200e+16
1.941139899140153200e+16
1.585080367589932400e+16
2.007050458691748000e+16
1.450335620806142400e+16
2.063854029442227600e+16
1.972485361475771200e+16
2.355477010670719200e+16
2.392199437454907200e+16
2.100854643257312000e+16
1.658402787857960800e+16
1.968171393384722000e+16
1.383673633645620800e+16
2.253179187191558400e+16
1.937846410390959600e+16
2.340767905436771200e+16
1.580235489069454000e+16
2.268457935813048000e+16
1.625964535420192000e+16
2.331536543304646000e+16
2.019739839458598000e+16
1.884041425317754800e+16
1.786902794444445200e+16
1.170206419150885800e+16
1.796866133772161400e+16
2.191849861228396400e+16
6.546306576215887000e+15
1.701604131674872000e+16
1.619240913674211000e+16
1.394045907894262200e+16
1.865328666432402400e+16
2.280137543888372400e+16
2.294451234860194800e+16
1.738407548299974600e+16
2.012382388628444000e+16
1.831154388993915200e+16
2.031806266866783600e+16
2.229924890863511600e+16
1.663365134021573800e+16
2.019244570757376800e+16
2.441024275237927200e+16
2.073012623151798800e+16
1.706831883174072200e+16
1.405223002168836400e+16
1.919774914831814400e+16
1.837061514858893200e+16
1.394858748814497200e+16
1.780357092318890200e+16
1.679565178612329400e+16
2.038011097866738400e+16
1.789362716740307600e+16
1.898266003514396000e+16
2.222290373634280000e+16
1.702756626342317000e+16
1.748461314075795800e+16
1.635183283140601800e+16
2.054767508346541200e+16
1.810547808435179600e+16
1.813659090095966800e+16
1.632774011159164600e+16
1.550336298829663400e+16
1.914176470559820800e+16
1.626102801188492400e+16
1.526997210666969600e+16
2.494344835081186800e+16
1.485332028262890800e+16
1.953588568735800000e+16
1.988404766856735200e+16
1.811783511013499600e+16
2.182435993077380000e+16
1.942751861462922400e+16
2.022893411354148000e+16
1.734991049760930400e+16
2.008449836752754000e+16
2.082759314515300000e+16
1.905820643716994000e+16
1.842102554641242000e+16
2.004973115342106800e+16
1.957609882677822400e+16
1.319556194326480200e+16
1.369779715716410400e+16
2.064421770066438400e+16
1.677264719759525400e+16
1.446405051266850600e+16
1.719477479092371800e+16
1.966562653016386800e+16
1.657754920037725000e+16
1.913357631718785600e+16
1.522211294513712000e+16
2.206725852946007600e+16
1.710143598363678400e+16
1.670914371432966000e+16
1.613459528254484400e+16
1.744214900978625000e+16
1.860715867420525200e+16
1.597941469001504200e+16
2.075936333733382000e+16
2.229461730567612800e+16
1.935246711564634000e+16
1.908795856363408400e+16
2.285896135501734800e+16
2.241754869627447600e+16
1.828624487689195600e+16
1.134728863374966200e+16
2.026365422325484000e+16
1.176262077633205000e+16
2.365450080932008800e+16
1.921013759217174800e+16
1.785175747277665200e+16
1.666181169475955200e+16
1.991430128968151200e+16
1.632509485088223800e+16
1.886044336661256400e+16
1.617536468187497000e+16
1.275549746021946600e+16
2.029304950086250000e+16
1.185318670180776000e+16
2.284556033248240000e+16
1.956805038220785200e+16
1.699233515397889200e+16
2.139269576628160800e+16
1.338339728546316400e+16
1.825253061294866400e+16
2.282083333946226400e+16
1.652879357170462600e+16
1.712219791922792600e+16
2.405207511683055600e+16
1.436205741816756000e+16
1.993197941700524800e+16
1.354973882839941800e+16
2.037423636702911600e+16
2.124072748335321600e+16
1.409961920761812000e+16
1.951179397152088000e+16
1.399482462713024400e+16
2.114153212589690400e+16
1.916227480545471600e+16
1.909758973567706400e+16
1.864316772110345600e+16
2.101828264344334800e+16
1.603449991202806400e+16
2.157988442557561200e+16
1.847172998013628800e+16
1.947700839839214400e+16
2.234931049808599600e+16
1.474029794829087600e+16
2.323992838456418000e+16
1.627997757402652400e+16
2.021768494518932000e+16
1.635868000795040000e+16
2.103904889590258000e+16
1.601342180740244800e+16
1.365532163506727600e+16
1.495445189016318600e+16
1.831082527701854400e+16
2.092484080402296000e+16
2.031365904876254000e+16
1.543607485652884800e+16
1.797695446906652800e+16
1.976576663673132000e+16
1.231231365858310400e+16
1.775042543930111000e+16
1.990417401117689600e+16
2.495077678901361200e+16
1.698141968269207800e+16
2.028464508969666000e+16
1.731182224140802000e+16
2.075216684887186400e+16
2.099005360804712400e+16
2.180648114689196800e+16
1.266235953187366200e+16
1.829438906355490800e+16
1.608663270600871600e+16
1.963754579205272400e+16
1.318302729951287400e+16
1.976369974077343600e+16
2.322619452575887200e+16
1.633942117396794400e+16
1.734399757113997800e+16
1.362839380450338400e+16
2.171339286142101600e+16
1.575727215046535400e+16
1.920065744012599200e+16
2.142161568562858000e+16
1.863887299535077200e+16
1.548055716148007400e+16
1.859707229002613200e+16
1.834561131311934000e+16
2.543633411041306800e+16
1.471973241358474000e+16
2.309373507347728400e+16
1.780105995047384200e+16
1.664064668763850800e+16
1.334256494959151200e+16
1.714250231491245800e+16
2.184418814125749600e+16
2.332661435628119600e+16
2.214557481253527200e+16
1.261138918446823600e+16
2.018363693969956800e+16
2.703518867904509600e+16
2.090453391212071200e+16
2.182018475052458800e+16
1.432207983185046600e+16
2.136382305542626800e+16
1.753572263209776600e+16
2.008602945717824400e+16
2.425446412528591600e+16
1.925296876463157600e+16
2.001858273053060400e+16
1.890809662211851200e+16
2.273784645801247200e+16
1.688116595379548000e+16
2.095052719601495600e+16
1.556337190909074600e+16
1.868554357954323600e+16
2.383880689891866000e+16
1.891150134292348000e+16
2.207767216960752000e+16
2.009374284832108400e+16
2.229790809515622400e+16
1.707157420226026600e+16
2.439254173019954800e+16
2.116138669607664000e+16
1.417765881593918200e+16
2.316912813008697600e+16
2.073794171358359200e+16
2.214555800605413200e+16
2.032621668141926800e+16
1.998179247140484800e+16
1.575495477260205000e+16
2.081548415673741200e+16
1.596100896405911200e+16
2.064457160321368000e+16
2.204344264780196800e+16
2.120534786498548800e+16
2.083315780763194800e+16
2.442062256084326400e+16
2.059858237553910000e+16
2.196644657253908000e+16
2.076136861995056800e+16
1.619391514334556000e+16
2.161148560097227200e+16
2.041937048948265200e+16
1.892501359382070000e+16
1.892866938417677600e+16
1.980010384967116800e+16
1.835339098209527200e+16
1.867610194465170400e+16
2.121138362242638400e+16
2.055367450452667200e+16
1.982949014004044000e+16
2.230740215519133200e+16
2.796889674824595200e+16
1.662316966031563600e+16
2.144023805516907600e+16
1.758549183695253200e+16
1.654847322651397800e+16
1.841238667945467200e+16
2.025260920411431200e+16
1.945203191816660800e+16
1.769550810204951400e+16
2.033986721063534400e+16
1.855079660965406400e+16
2.109938872400615200e+16
1.929272384719343200e+16
1.907119478460363600e+16
1.836389065850656400e+16
1.808130031428981200e+16
2.310869128895307200e+16
2.211619462398241600e+16
1.774648544858081200e+16
1.768425407140001000e+16
1.899614242775853600e+16
2.054461364260226000e+16
2.010917466824172000e+16
1.935626348058553200e+16
2.411825563408986800e+16
2.053622405744251200e+16
2.170342152822264000e+16
1.703914791242391800e+16
2.135601629101139600e+16
1.946692020919106400e+16
1.536999065584915600e+16
1.985706915107618800e+16
1.882006997675766800e+16
1.999636720674584800e+16
1.637228122231449800e+16
2.256002702341576000e+16
2.144544089587094000e+16
2.261849076897001600e+16
1.344140066609292400e+16
2.549900731316904400e+16
2.143433779354028800e+16
1.899903537350058400e+16
1.573867372388180600e+16
1.167551587487681800e+16
1.651084450092058600e+16
2.558887872111880000e+16
2.025971196813703600e+16
2.219044224690628400e+16
1.351163263343705600e+16
1.844938021900656000e+16
2.161778574956628000e+16
1.455837157853716000e+16
2.251831604135740400e+16
1.871367831235054800e+16
1.651657895070613600e+16
2.029535702850058000e+16
1.907437075190008000e+16
2.312201145483837200e+16
1.754351678213141600e+16
1.926661023031280400e+16
1.958663105636917600e+16
1.799362424469194000e+16
1.623820187634467600e+16
1.980665179699063600e+16
1.942203806876715200e+16
2.048448110906082400e+16
1.750960107093827800e+16
1.126577013038385200e+16
1.840149097751508400e+16
1.961563833491197200e+16
2.467679307279622800e+16
1.583930110308603600e+16
1.901504260890166400e+16
2.108894603462688800e+16
1.707738792748277400e+16
1.133406904153923600e+16
2.072369189881224000e+16
1.476189795472567400e+16
2.290793160875745600e+16
1.461183634068971600e+16
2.304864039199764800e+16
1.609662898927549200e+16
1.657719661438269400e+16
1.508180719183547000e+16
1.400115106102938600e+16
1.764800575045806200e+16
1.751182760757098000e+16
2.138965701560812800e+16
1.590831116118335600e+16
1.115535864066607200e+16
1.911806463131226800e+16
1.903548519974951600e+16
1.799189221765788800e+16
1.554525273545112400e+16
1.485086761320608800e+16
1.272223810974580800e+16
2.229149536650786800e+16
1.660781145830593200e+16
1.641905378471228200e+16
1.922124623719039600e+16
1.701002716963868600e+16
2.258334196550375200e+16
1.802210604044533200e+16
2.423286938413742000e+16
2.657840455892157600e+16
2.245699081080431600e+16
1.861190913698965600e+16
1.781675444189177000e+16
2.140121996256112800e+16
1.558850139793522800e+16
1.811816989755766800e+16
2.411967213180863200e+16
1.522260990207844000e+16
1.719649560756269600e+16
2.068402364743714000e+16
2.459656110338081200e+16
2.227798123700704000e+16
1.670584961223284000e+16
1.064847766173010600e+16
2.571231518328026800e+16
2.145616058761573200e+16
1.764393445892676400e+16
2.420298858023968400e+16
1.720507624671865400e+16
1.588553549091920200e+16
1.761185611477098200e+16
2.180866268895827200e+16
2.083268951228522800e+16
1.752879089040448400e+16
2.025439682407650400e+16
2.096931016906175200e+16
2.362568472190445200e+16
1.985136155841342400e+16
1.342301240485258400e+16
1.631282189980581000e+16
1.764817072556288800e+16
2.246906153201759600e+16
2.102861007934062800e+16
1.231695308050874400e+16
1.699680194601069400e+16
1.951957743697505200e+16
1.377962690027467400e+16
1.831288603721281200e+16
1.751923161559334000e+16
1.989303555353703600e+16
2.136187582976683200e+16
1.160656841861018000e+16
2.176054489109232400e+16
1.878346861953902400e+16
1.783025872221337400e+16
1.759614910442163600e+16
1.843011195476364800e+16
1.849060680982387600e+16
1.738671104958486600e+16
1.695981676476099600e+16
1.754428191114122400e+16
1.866267090514474000e+16
1.779235709867194800e+16
1.929148177923182000e+16
1.373646447404030800e+16
2.470162798633522800e+16
2.351479800275547600e+16
2.516046057705224800e+16
2.194279969255475600e+16
2.282629120331129200e+16
1.628588627733729600e+16
1.464883108488379000e+16
2.191187674493861600e+16
2.004992864521944800e+16
1.459005358606053000e+16
1.929101810171035600e+16
1.994534102656205600e+16
6.453817628672017000e+15
2.185487057522790800e+16
2.005818717184648000e+16
2.100244591176626400e+16
2.153745380334598000e+16
1.742768689128375400e+16
1.985073534260124000e+16
2.192569417314990800e+16
2.083562868093659600e+16
2.052751858483836400e+16
1.805206441373070400e+16
1.727933537132628400e+16
2.151841081247160800e+16
1.644748228536069200e+16
1.961591105615606400e+16
1.681648017656258000e+16
1.584479295528992200e+16
1.850238453280422800e+16
1.712699143006236000e+16
2.142963031140738000e+16
1.842446195287145600e+16
2.355555185819749200e+16
1.862625977703676800e+16
1.970999410116063600e+16
2.487525051264893600e+16
1.938602566169411600e+16
1.864977440174892000e+16
1.579553013154934600e+16
1.308645004784140000e+16
1.321026264329043600e+16
1.860415598003080400e+16
2.197907849981439600e+16
1.993741945102368400e+16
2.201229044703625600e+16
1.599442080023282800e+16
1.854162108736368800e+16
1.900691658777197600e+16
2.120227326480027200e+16
1.988326898135686400e+16
2.566048933726390800e+16
1.887677045601926800e+16
1.640436425551429000e+16
1.545502366950030200e+16
2.159927543638425200e+16
2.063388446903727200e+16
2.047476038680042400e+16
2.033995624730777600e+16
2.199952927295026000e+16
2.034644977610130800e+16
1.718611517570348200e+16
1.692421708760979600e+16
2.212290831127660800e+16
2.079503457088956400e+16
2.305348844061339200e+16
1.884642260561576000e+16
2.036217896622852400e+16
2.297990175041567200e+16
2.257642325025843600e+16
1.887021659117646800e+16
1.468124199084162400e+16
1.897156817934744800e+16
1.800813022865154200e+16
1.858787908202971600e+16
1.674233921918118400e+16
1.613471202932367200e+16
1.830208927050760400e+16
2.188733792410687600e+16
1.942072481389956400e+16
1.827639730706558000e+16
2.370699706189488000e+16
1.735647078695918800e+16
1.910161166171688000e+16
2.192210026244592800e+16
1.914730076897882000e+16
2.105840980324916000e+16
1.433029994523958000e+16
1.589634849078287000e+16
2.248496858693343200e+16
1.856388383372942400e+16
1.884126689437561600e+16
2.159592244114664000e+16
1.895626293879991600e+16
2.412646654637132800e+16
2.372850856483756400e+16
2.031685454983573200e+16
2.180004830794933200e+16
2.321170072030034400e+16
2.137140249276093600e+16
2.454464223146786800e+16
1.489803662450073200e+16
2.059856921514894800e+16
2.698927195953208000e+16
2.448132629011481200e+16
2.044371739997720000e+16
1.975795132413094800e+16
2.291759643125654000e+16
1.844256832159408400e+16
2.177959079278486800e+16
2.236413901878550000e+16
2.173360880215272400e+16
1.847593067777607600e+16
1.868726655702027200e+16
2.007061648126676400e+16
1.673044419912685200e+16
1.887194044271464400e+16
2.317293660867707600e+16
2.384350074023329200e+16
2.342493989283201200e+16
2.498174727541150000e+16
2.016088271367523200e+16
1.820363100088194000e+16
1.681838153435049600e+16
2.199131593375939600e+16
1.852639111218593200e+16
1.635166962759308000e+16
1.896019889871081200e+16
2.300702217252914000e+16
1.909596649427607600e+16
1.983590427837768000e+16
1.968110699837750000e+16
2.227116437609975600e+16
2.086177282952588000e+16
2.013504668956030800e+16
1.675354534343799400e+16
1.255287630582011800e+16
1.985878554435398400e+16
1.981216615749026000e+16
1.610515840219705800e+16
1.690998583649548600e+16
1.834704090791714000e+16
1.670433292486760000e+16
2.192172570831795200e+16
1.918016614876300000e+16
1.823081618296063200e+16
1.800068675887522800e+16
2.332739981529659600e+16
1.682489638116873200e+16
2.799384719392112000e+16
2.088126982271640000e+16
1.394499166941968800e+16
1.963461636997215200e+16
2.087417610664505200e+16
2.173068229660915600e+16
2.409204263179730000e+16
1.392143040283608800e+16
1.799001523173468600e+16
2.252615471511849200e+16
1.780369612198497600e+16
1.781310983453933200e+16
2.569507103118141200e+16
2.311196894157295600e+16
1.792661695796591600e+16
2.221730760612272800e+16
2.032806361896584000e+16
1.620413285292767400e+16
2.387023791827279200e+16
1.490626403974206600e+16
2.840066329501096400e+16
1.752900257369074600e+16
1.630290916968510600e+16
1.293351893828823600e+16
2.178443503075197600e+16
2.131709572242307600e+16
2.026203788126860000e+16
2.603764023959658800e+16
2.576804178117903200e+16
1.550736589618847600e+16
1.813896027216027600e+16
2.168767638978435200e+16
2.009807070367496800e+16
1.702701994131245600e+16
2.396736163319168400e+16
2.545097715178682400e+16
2.172761347871199200e+16
1.943713132606778400e+16
1.928461457211442400e+16
1.917300784107601600e+16
2.085833042946818000e+16
1.822963172941071200e+16
1.259947830843943400e+16
2.098971388768885600e+16
2.291909214707801600e+16
2.047093227494790400e+16
1.777241656559360600e+16
1.886800645077562800e+16
1.457307399873157200e+16
2.078603901605425600e+16
1.819310564317808400e+16
1.828818561570330400e+16
2.105899939210699200e+16
1.744227720258054800e+16
1.936585632391032000e+16
1.936321502353584800e+16
1.389634405657796400e+16
2.419026559448421600e+16
1.954659799899330400e+16
1.651206512157941600e+16
1.992347751725930000e+16
1.568419858652891800e+16
1.846593772897614800e+16
1.803704268451922400e+16
1.838130409472184000e+16
2.389223378244414400e+16
2.246935827580126000e+16
1.457689372496319400e+16
1.752972071430979000e+16
1.937618117171039600e+16
1.544665653377506000e+16
2.135826896894874800e+16
2.604959508264414800e+16
2.108194112581104800e+16
2.322402655204139200e+16
1.755636632340847000e+16
1.483355168154483400e+16
2.094632612056298000e+16
1.643256347725540000e+16
2.626057680124737200e+16
2.208394211927548000e+16
2.005546928657235200e+16
2.230874344317808400e+16
2.266712293440124400e+16
1.660599055296135400e+16
1.975674023102353200e+16
1.478406290905935200e+16
1.905284650389866800e+16
1.975892508056008800e+16
2.426895716689777200e+16
1.299074606124783000e+16
1.959627963040127600e+16
1.462775779111320400e+16
2.316329042912050800e+16
2.206228844368351200e+16
1.681023720229147000e+16
2.010041915597765200e+16
1.495347814405532600e+16
2.534759022715308000e+16
2.429017831519400800e+16
1.384267592928967200e+16
1.717839187312364000e+16
1.200431032659187000e+16
1.925359988584794400e+16
2.062942597562660400e+16
2.179375911285739200e+16
1.843940463655577200e+16
2.033708729641507600e+16
1.874978884253888800e+16
1.827771362230904400e+16
1.786676028692201000e+16
1.816343864833402000e+16
2.441315623032954800e+16
1.922510899926062800e+16
2.005125085094648800e+16
2.043147335733600800e+16
2.481187144422485600e+16
2.111573744166839200e+16
1.928397898470228800e+16
2.057768477254376000e+16
2.098212052932333200e+16
1.552123748328338200e+16
2.183312058911800400e+16
1.594244434271578000e+16
2.219511441754162000e+16
1.727284228000348800e+16
1.563788819736847800e+16
1.715152433227476000e+16
1.781315350847201400e+16
1.528347918122330200e+16
1.303541184506731400e+16
2.151339356527068000e+16
2.286490266962874000e+16
1.759579989127937600e+16
1.892005710278367600e+16
1.483277384512186400e+16
2.515393186123838800e+16
1.712464300233414200e+16
1.578935934079571600e+16
1.671855184053265400e+16
2.071201057578522800e+16
1.736907756215086800e+16
1.568756070598053000e+16
1.202850243153389800e+16
1.812377751426490400e+16
1.439838894345952200e+16
2.469142214728325600e+16
2.050519545862904400e+16
2.449268777437266800e+16
1.223956156425027800e+16
2.265071412392125200e+16
2.221973003724503200e+16
1.585074822889600200e+16
1.864711508812634000e+16
2.121488706841468800e+16
2.371203901584787200e+16
2.187740383904489200e+16
2.397102573262759200e+16
1.785723920464017400e+16
1.813009688586290000e+16
2.611733920248269200e+16
1.755026295239028800e+16
2.006747817086129200e+16
1.757403733061731600e+16
2.260825274786397200e+16
2.189634386625847600e+16
2.386541181051647200e+16
3.050184933377422000e+16
2.406170634692126400e+16
1.995418113771442800e+16
1.710313684737973400e+16
1.320577655376571400e+16
1.853001120628274800e+16
1.703401443168295200e+16
2.161170220204525600e+16
2.284895506285559200e+16
2.215442943212025600e+16
1.480494715533620600e+16
2.162463723102101200e+16
2.142001009250312800e+16
2.018649676368760000e+16
1.317817213300557400e+16
2.006001661269554800e+16
1.794940864044837400e+16
1.557229028803176400e+16
1.980933835501979600e+16
1.720345937090066600e+16
1.632885744703430000e+16
2.364559270459289600e+16
2.395422746002240400e+16
1.619926554756334000e+16
2.239782726803979600e+16
1.841939882594424800e+16
2.464700978777101200e+16
2.300318944353583200e+16
2.059560699840065200e+16
1.791383289653369000e+16
2.123870195101444800e+16
2.238500097014274000e+16
2.595819296710143600e+16
1.635702877874265200e+16
2.440636327863194800e+16
1.665210796351160800e+16
2.067160662698523600e+16
2.145191444773409600e+16
8.775414123214510000e+15
2.114399305972781200e+16
1.869945778904800000e+16
1.570524038764229400e+16
1.935612567893891600e+16
2.438927328202392000e+16
2.314772762552920000e+16
1.309562428474086800e+16
1.817645885236580400e+16
2.172406740120858400e+16
1.806644558473251600e+16
1.002893580825862000e+16
1.694863464431801200e+16
2.551931958189732800e+16
2.276821286961368400e+16
1.827670024398942800e+16
1.135343354582773200e+16
1.746968664593418400e+16
2.454635812171437200e+16
2.036493858199875600e+16
2.386422551150354400e+16
2.306665085582245200e+16
1.997300239784323600e+16
1.821674121950945600e+16
1.898527451023861600e+16
2.051564569222494800e+16
2.180785767871907600e+16
1.528243142976285600e+16
1.121501473374635800e+16
1.595633060825736800e+16
1.487716177405379000e+16
1.989651489719189200e+16
1.377425779176680200e+16
2.209132622289014800e+16
2.130531625310104000e+16
1.994632696104532800e+16
1.929498756649733600e+16
2.018143223529077200e+16
2.152925376023983200e+16
2.067136877390100400e+16
1.271878115645405600e+16
2.222227196633730400e+16
1.603746622168379000e+16
1.698209853334832200e+16
2.003210303714714000e+16
1.416177320602552600e+16
1.932694461728703600e+16
2.144324472159836000e+16
2.392081431328606800e+16
2.420347943258412400e+16
1.869496860503016800e+16
2.082417783542989600e+16
2.190623676424442800e+16
1.835308249543882800e+16
2.046049044991823600e+16
1.866692799790898400e+16
1.655401575036590200e+16
2.018440545438103600e+16
2.071284992208514400e+16
1.420869209581145200e+16
2.128033808960376800e+16
1.773998243876785200e+16
1.470133590848005600e+16
1.503012203986567200e+16
2.976964857493030000e+16
1.932844693663896000e+16
2.204562867419560800e+16
1.919855075057538400e+16
1.854296538950507200e+16
2.095579484133689600e+16
2.227744128126930400e+16
2.204829804787617200e+16
1.753583066438197800e+16
2.253271688659453200e+16
1.990465877807462000e+16
2.927800323372348400e+16
1.813184691076961600e+16
1.664268944780147000e+16
2.210666471377635600e+16
1.341501816313244400e+16
2.039712528065374000e+16
2.104301988918972400e+16
1.536872878404395600e+16
1.992202839511290000e+16
2.087006739108417200e+16
1.874577512091238000e+16
1.991050367692479200e+16
1.874399719268986000e+16
1.744745231105004600e+16
2.257773303123563600e+16
2.401179905373308000e+16
2.446631204870055200e+16
2.526663718801185600e+16
2.563748629778942000e+16
1.760855112769657600e+16
1.804608405373145200e+16
1.562812697244551200e+16
2.641189090840341200e+16
1.899256284106151600e+16
2.181008207919376800e+16
1.457592616331915200e+16
2.258712191535069600e+16
2.267017200999390800e+16
1.423988846601200800e+16
2.194153234263855200e+16
1.550058480384769200e+16
1.945603420661990400e+16
2.035768233282563200e+16
2.371111295869221200e+16
2.024404590727946000e+16
2.280160165867529600e+16
2.124839626107825600e+16
1.893787272725488400e+16
1.952230525893067200e+16
2.112540491004215200e+16
1.873641467838923600e+16
1.362237151293647200e+16
1.343395551198364600e+16
2.831064916829157600e+16
1.706911400751719800e+16
1.762204977928726800e+16
2.088297354430925200e+16
1.848805381669553600e+16
1.722488800607223800e+16
2.030876094336164400e+16
1.722921946050855400e+16
1.660923418507602400e+16
1.935635499570324800e+16
2.277294742474530400e+16
2.027120138818198400e+16
2.711490220694911200e+16
1.737447278773819400e+16
1.764288407285257000e+16
2.374225345581313600e+16
1.436317962740335400e+16
1.900449676338802000e+16
1.999745001705258400e+16
2.566761135932463600e+16
1.910462997575376000e+16
2.764946374870157600e+16
2.239235915099188800e+16
1.630832541892766000e+16
1.958328931742850800e+16
1.752163313569196600e+16
2.495314288558458000e+16
1.429878166813788200e+16
1.844452905304838400e+16
3.064524454879515200e+16
1.969363203489090400e+16
1.511576257409707200e+16
2.116486648329982000e+16
1.913853529496061200e+16
2.172209973712914000e+16
2.303344104169990400e+16
2.275032299989883600e+16
2.302188412925366400e+16
2.564696281333027600e+16
2.369229587636099600e+16
2.215955023805508800e+16
2.090440198445539600e+16
2.490951533413697600e+16
1.919805676106206400e+16
8.224909759730710000e+15
1.842198011385280000e+16
2.500391676059970800e+16
2.193286924837792800e+16
2.001603828444195600e+16
9.807617526957264000e+15
1.927455641733934000e+16
1.809998429560696000e+16
1.684409379222305400e+16
