2.636031851961275600e+16
4.013409345060094400e+16
8.409445971585029000e+15
3.608691428428920800e+16
2.652405396132080400e+16
3.369420377545630000e+16
2.591636081744644800e+16
3.785878116053459200e+16
3.659234194947562400e+16
3.547228946877594000e+16
3.839593516851149600e+16
3.324101240199187600e+16
4.757233728811304000e+16
4.421756623640207200e+16
3.621937924160396800e+16
4.047141234281217600e+16
3.677300098779929600e+16
4.482082285021532000e+16
3.242334771690902800e+16
3.783143466554334400e+16
3.082425788064723200e+16
3.368895726758654800e+16
3.816924127382246400e+16
3.891667254899961600e+16
2.648688498175630000e+16
2.290585611889474800e+16
2.993644245124184400e+16
2.831168603539258400e+16
2.386321481600902000e+16
2.913231939653015200e+16
2.872905630580198400e+16
3.541513688862438800e+16
3.276586913302972800e+16
2.055171359577042400e+16
3.280486253421727600e+16
3.149599444096218800e+16
2.522412762056992400e+16
2.737228610912365600e+16
3.093764211998426000e+16
3.475960016319758800e+16
3.184046379938831600e+16
3.368172483998189200e+16
3.196416807766174000e+16
3.766804712652974400e+16
3.027286350818802000e+16
2.209238863606477600e+16
2.699346966287015200e+16
3.399635898036795200e+16
2.814178214804026800e+16
2.855702714009262000e+16
1.625437663368112200e+16
3.326632127423272000e+16
2.696034940606162000e+16
3.590795708991038000e+16
3.585774631561322000e+16
3.004041257362890400e+16
2.951209629707276000e+16
2.825684647680535600e+16
2.666356733778070000e+16
2.973451593044417600e+16
3.207685026734194800e+16
3.009526363120239200e+16
2.511652682978547200e+16
3.003549323743765600e+16
3.231318742469007200e+16
2.672971601902865200e+16
4.254400537642252000e+16
3.611042707708411200e+16
3.808040438185922400e+16
3.217634080419445600e+16
2.980822133320586800e+16
3.798381115249043200e+16
3.715850682160155200e+16
3.597933700829921600e+16
2.568312377810118000e+16
3.363205370181308000e+16
3.890093929750765600e+16
3.344830305659932000e+16
3.143028288338981600e+16
3.715848392087684000e+16
3.328421932951386800e+16
3.522401793263122000e+16
3.193093213015270800e+16
3.017882607135447200e+16
3.164125341197351200e+16
3.593978036328605600e+16
2.844567274564452800e+16
2.673500602535476400e+16
2.359574878948492000e+16
2.719829785580807200e+16
2.837507497344231600e+16
3.108679612308097600e+16
3.131236560750463600e+16
3.174557873523995600e+16
3.845326400967408800e+16
3.441362096831448800e+16
3.354061019248394400e+16
2.577671211549034000e+16
3.710753760934091200e+16
4.818598956639582400e+16
3.735552853998704800e+16
3.712495233177518400e+16
3.942422417435273600e+16
3.221994552418246000e+16
3.540448087737396000e+16
3.124966221762435600e+16
3.415457940920054000e+16
3.565137274367063200e+16
4.337733057628225600e+16
3.530599272048208400e+16
3.718568657112816800e+16
3.746456545288575200e+16
3.578399572295473600e+16
3.567335485230678000e+16
3.364439792456783200e+16
3.220840337050794400e+16
3.417248192322266400e+16
3.630409263588027200e+16
4.822833161169012000e+16
3.176927266322522000e+16
3.714930933131680000e+16
3.449651939217585200e+16
2.931494879625629200e+16
3.906769251053370400e+16
3.656958673990956000e+16
2.614357495058958000e+16
4.038382285753419200e+16
3.791674413038606400e+16
4.256424611226646400e+16
2.949262754767758400e+16
2.804023185678248400e+16
2.789481399624337200e+16
3.741786257860997600e+16
4.420190544324980000e+16
3.603284966329338400e+16
3.338936842225272000e+16
2.071049226068592000e+16
3.536967643761114000e+16
3.683557002506224800e+16
2.208470878834683600e+16
3.182633979822090800e+16
3.532583746695088400e+16
4.041540458322547200e+16
3.645271245796771200e+16
3.431851530897118800e+16
4.226771035960517600e+16
3.150525687318489200e+16
3.880392650704334400e+16
3.338652290647708800e+16
2.974092775265586400e+16
3.825328818392574400e+16
3.088362695421220400e+16
3.416560846044443600e+16
3.445485593207896800e+16
2.782413294583994800e+16
3.482830844328204000e+16
3.305062270486314000e+16
2.479001411510230400e+16
3.094315090374688000e+16
3.410386390923783600e+16
3.284850819872883600e+16
4.283357422265443200e+16
4.079360264595452000e+16
3.211730765397137200e+16
5.161173559455556000e+16
3.246688149721708000e+16
2.888829297720950400e+16
2.856763267888806400e+16
3.929583472114824000e+16
2.025658833825779200e+16
2.739887433546382400e+16
3.846188771886168800e+16
3.968185771995244800e+16
2.987833826322244000e+16
3.387524735823640000e+16
3.271914963427615600e+16
4.103246090846807200e+16
3.649291398649580000e+16
2.315307041947872000e+16
3.795408812645352800e+16
4.026704878256867200e+16
3.632798555087123200e+16
3.390869428413650000e+16
3.601939519885352800e+16
3.588836970054951200e+16
3.479996062142353200e+16
2.742591039581562400e+16
2.833739922787413200e+16
3.265168619272934800e+16
4.241119667327675200e+16
3.145407261514311200e+16
3.611431961469555200e+16
3.923076268173114400e+16
3.499640929848047200e+16
3.611684927465876800e+16
3.544288749390022800e+16
1.850976796531733600e+16
3.774597843525903200e+16
3.783809919975899200e+16
3.941648294137113600e+16
3.227184114183018000e+16
3.528930515370382000e+16
4.153159421337449600e+16
3.128667777203040400e+16
2.738109038902484000e+16
3.493038431660422000e+16
3.752936976066711200e+16
4.288020951045346400e+16
3.808277630455276000e+16
2.923400909920466400e+16
3.364165374342027600e+16
4.577932097839436000e+16
3.734343719025596000e+16
3.817384858561528000e+16
3.447844237293386000e+16
4.028078359269135200e+16
3.091799655129472800e+16
3.513174879406900000e+16
2.869044273832448000e+16
2.509683673649078000e+16
2.739985237422196400e+16
3.190847328364552000e+16
3.658468365860337600e+16
3.269169760596619600e+16
2.196609517276903200e+16
3.144538900655809200e+16
2.989467871170074800e+16
3.590169127787072800e+16
2.114109346786343600e+16
3.637235063216050400e+16
3.111778451379751600e+16
3.102288171782660400e+16
3.758974942275040000e+16
4.465293059252381600e+16
3.600985922693142800e+16
3.967972474228736800e+16
3.904009616143800000e+16
3.608354444234405600e+16
3.566219184701943600e+16
3.835711804306481600e+16
3.690602120991859200e+16
3.892169771978096000e+16
3.487669112860250400e+16
3.832200597854609600e+16
3.075391860158768000e+16
2.438091389367485600e+16
4.206074932502087200e+16
3.135201132037525600e+16
3.262436749289006000e+16
3.945601836786182400e+16
4.023516334766908800e+16
3.308682660172115200e+16
3.616460491662093600e+16
4.128736126057056800e+16
3.340016366965140800e+16
3.314133803790812000e+16
3.512199927579823200e+16
3.502770609676850000e+16
3.375936822758886400e+16
3.310371694125358800e+16
4.167887727906680800e+16
3.956182874585784800e+16
4.052625228747876000e+16
3.844014406969727200e+16
3.864076655092756800e+16
3.630020395262932800e+16
2.852747008037007200e+16
4.419438384199107200e+16
3.864631417833050400e+16
3.308425257287207600e+16
2.878599821203850800e+16
3.748560906135133600e+16
3.905990091152503200e+16
4.076185381532224000e+16
3.604592506806564000e+16
2.277893677121839200e+16
3.079906749320477600e+16
4.318010947205148800e+16
3.554671822718552800e+16
3.493311150734359200e+16
3.427673981293146000e+16
3.685055959796824800e+16
3.810060436568256000e+16
3.064150404080707600e+16
4.315252477277386400e+16
3.806644373820090400e+16
3.529359641810502000e+16
3.318389752511540400e+16
3.916173887951234400e+16
3.170002682718628800e+16
3.263903235677410000e+16
3.087791053616696000e+16
3.301003580022280800e+16
3.712680789168797600e+16
3.980206260107615200e+16
3.246400126770293200e+16
3.552353510677971200e+16
4.109359958212906400e+16
3.236774835708178000e+16
3.719871769869631200e+16
3.305419106473313200e+16
3.488673871305390400e+16
3.553855647816505600e+16
3.048744363718202400e+16
2.995692807685229600e+16
3.433731742928078400e+16
3.595224834659885200e+16
3.445998412988264000e+16
3.327966737116482000e+16
3.502443506337882400e+16
3.750083433971498400e+16
4.282793464995817600e+16
3.457130131089795600e+16
3.468509973951064400e+16
3.502263902368455600e+16
3.430770370976170000e+16
3.453783632201125200e+16
2.882566065865956400e+16
4.027208093826287200e+16
2.666929918415518800e+16
3.793190425870171200e+16
3.914428893640967200e+16
3.556562771165523600e+16
2.472013414740679600e+16
3.828000238618346400e+16
3.799204028026651200e+16
3.555860746903226000e+16
4.322385930393698400e+16
3.371888134070392000e+16
2.866218211272478400e+16
4.072596047124600000e+16
3.229198705476368000e+16
3.779587033297240800e+16
3.267430178533674000e+16
3.080226392785028800e+16
4.398454568028869600e+16
3.585781446458232400e+16
3.548273902035835600e+16
3.573339725241124800e+16
3.930790017101269600e+16
4.173607602134473600e+16
4.212782947631006400e+16
2.928707811205455600e+16
3.629906569623905600e+16
3.869166670222602400e+16
3.440699607013424800e+16
3.786430507796810400e+16
3.444366572507552800e+16
3.436925245045272400e+16
3.666968909600331200e+16
3.175742707241102400e+16
4.129790742678504800e+16
2.726491796938443200e+16
3.465852074278797600e+16
3.090042145885658000e+16
3.051668031619895600e+16
3.258764727985338800e+16
2.878112901125889200e+16
3.761779072679457600e+16
3.832607739175495200e+16
3.363411354856716800e+16
3.739271106277762400e+16
3.409236515353991200e+16
2.492592817161919200e+16
3.228361865930844400e+16
3.942060534550072800e+16
4.380790754809986400e+16
3.391341358357549200e+16
3.344381740289204800e+16
2.732089695678554000e+16
3.005737329663000800e+16
3.652728858591577600e+16
3.050729443911920400e+16
4.221082232232791200e+16
4.042574316474712000e+16
2.876794596908804800e+16
3.317682678179636800e+16
3.382014935555651200e+16
4.110552850043253600e+16
3.841788822331200000e+16
4.171652657946474400e+16
3.656986300536120800e+16
2.349131396590742800e+16
3.404493088884836400e+16
3.609710131414476800e+16
2.482712443171679200e+16
3.777084103056942400e+16
3.417490807828000800e+16
2.501562708491979200e+16
3.643229125751005600e+16
3.651812013821099200e+16
2.877205977796940800e+16
3.191022586972466000e+16
3.610129376241752000e+16
3.041113154109727200e+16
3.831221891806634400e+16
2.712352755841739600e+16
3.057617659830789600e+16
3.712617598500608000e+16
3.451540387985636400e+16
2.209421261359233200e+16
3.629715128932412800e+16
2.564334199241654000e+16
3.781217303251929600e+16
3.395065214276424000e+16
3.407345171795838800e+16
4.254196211395940000e+16
3.677650749027039200e+16
3.726054048898954400e+16
4.443522680359047200e+16
3.869077377895276800e+16
4.250720509511492800e+16
4.040740099533735200e+16
3.563734274145083200e+16
3.670251305988543200e+16
3.556367514861211600e+16
4.096860326771960000e+16
3.339749596943372000e+16
3.847988987274065600e+16
3.302053388717679200e+16
3.347582878567142000e+16
3.376316464843966400e+16
3.496942738228799200e+16
3.731329078817400800e+16
3.029435499272963600e+16
3.683217087711351200e+16
4.218954174333956800e+16
4.245929154114499200e+16
3.843739191409560000e+16
4.061488614419930400e+16
3.300165977647862800e+16
3.093748736678108800e+16
4.176961338697877600e+16
3.790526241403887200e+16
3.914528506529902400e+16
3.762220922626929600e+16
3.356825007063105200e+16
3.933547482876824000e+16
3.707949625968640800e+16
3.593708536530628800e+16
3.547744919983422400e+16
3.962138787276534400e+16
3.548080588891557200e+16
3.584773732860011200e+16
3.851769295378594400e+16
3.750695420245729600e+16
3.575710363306843600e+16
3.519658967970484800e+16
3.924836890178725600e+16
4.049779378191522400e+16
4.000991796929500000e+16
3.916766075237281600e+16
3.808699725040690400e+16
3.975436768370771200e+16
3.736382691491312000e+16
3.671263046028426400e+16
3.479492124051793600e+16
3.856978260398656000e+16
2.762714416449098000e+16
3.297511447132747600e+16
4.181015042073858400e+16
3.442568792134014000e+16
3.692017265856504800e+16
2.960716948825833200e+16
3.671347375084784000e+16
3.531015826914126000e+16
4.514473162074114400e+16
3.280122310732022000e+16
3.637705420751605600e+16
3.313027539194604000e+16
3.410610619330472000e+16
3.262815613956458800e+16
4.210554889338468000e+16
3.695477409725360000e+16
3.123959051233032800e+16
3.316316416473704400e+16
3.657421611737094400e+16
3.170136345516852400e+16
3.624447776742765600e+16
2.362451867374858000e+16
3.657894049378205600e+16
3.473455224982254400e+16
2.573556491094486800e+16
2.655240832977348800e+16
4.208284635401743200e+16
3.612003685476174400e+16
3.905131763807381600e+16
3.969542494806505600e+16
3.238288645526024000e+16
3.775823477348945600e+16
2.757307672908133200e+16
3.430108912681228800e+16
2.892577754155104800e+16
3.870844803364706400e+16
3.909599027408466400e+16
3.625445267616797600e+16
4.673564528163988000e+16
3.662435968749022400e+16
2.951021140870143600e+16
3.836616141764896800e+16
4.622267956678740800e+16
3.593697689011967200e+16
3.268719765242069600e+16
3.292490247862159600e+16
3.512532664108736800e+16
3.460191601635480000e+16
3.709398411797752000e+16
3.647931185811812000e+16
3.202449383797272800e+16
3.258027161724144400e+16
3.815697759200042400e+16
3.813927245560672800e+16
3.378628563884008000e+16
3.579230169384582000e+16
4.484924081532891200e+16
2.927064945173754800e+16
3.764762760047730400e+16
1.932936056862810400e+16
3.024657334061359200e+16
2.734237888857770800e+16
2.766249876497359600e+16
3.558430418230744800e+16
5.537049245194121600e+16
3.055064558573569600e+16
3.035223042853572400e+16
3.335556659411998000e+16
3.631346072185924800e+16
4.090665840141519200e+16
4.139421722622874400e+16
3.251739628885774800e+16
3.425626894979762400e+16
3.552977129765076000e+16
3.620702316927247200e+16
4.233917656126036000e+16
3.842039355128808000e+16
3.586055625480404800e+16
4.366703668611716000e+16
4.091448237508142400e+16
3.444141819615856800e+16
3.696688276056973600e+16
2.689637002939440800e+16
3.592331251534366000e+16
3.736924456527623200e+16
3.624154299678824800e+16
3.701100760523356000e+16
4.184467246304917600e+16
4.110420710887364800e+16
3.582553892391484400e+16
3.100652108092873200e+16
3.843352387441564000e+16
3.289255600492238400e+16
3.838304912196006400e+16
4.027698829749462400e+16
2.980223935617220800e+16
2.707909379424284400e+16
3.178223292679635200e+16
3.778160775677085600e+16
3.494821111401516800e+16
3.890777108589974400e+16
3.680987360168021600e+16
3.637524094578817600e+16
2.868095136795104000e+16
3.619971817516154400e+16
3.456277456226053200e+16
4.861886730258117600e+16
3.452600608386718000e+16
3.266753315377954400e+16
3.071975240027554000e+16
3.291385162987235600e+16
3.828361169260138400e+16
4.043924580242465600e+16
3.475066341654588000e+16
4.123646462098899200e+16
3.572411997252833200e+16
4.659948515827992000e+16
3.315805953799424400e+16
2.964062857751119600e+16
3.683041580393370400e+16
3.492881012846048000e+16
3.672885650292132000e+16
3.581534675721591200e+16
3.743999476958640000e+16
2.801357794666309600e+16
3.156749819691545600e+16
3.439244006235175600e+16
3.679971242239244800e+16
3.757168191244269600e+16
3.590172814184801600e+16
3.448897701928825600e+16
4.119536663143004000e+16
3.580658158003147600e+16
4.084028124865650400e+16
4.064852028552591200e+16
3.474981307699977200e+16
3.814262521219401600e+16
3.607932594709828000e+16
3.762962184342779200e+16
4.192511814915301600e+16
3.697117796352408000e+16
3.498175976362245200e+16
3.670558917047511200e+16
3.415106988450654400e+16
3.462935456346482800e+16
3.196724338549406800e+16
4.462031655606428000e+16
3.114166668151438800e+16
3.253603624632731200e+16
3.542695397900617200e+16
3.810146365466749600e+16
3.677261774759726400e+16
3.529528609193440000e+16
3.896321424615178400e+16
3.338682340965139600e+16
4.500257974990464000e+16
4.215628472782823200e+16
3.346965366192182800e+16
1.664228825244899600e+16
3.050918919490766800e+16
3.660059006172255200e+16
3.956791151113223200e+16
3.356207726240604400e+16
3.727612719530703200e+16
3.748690417539532000e+16
3.245677509604563200e+16
3.320488791458301600e+16
3.934187927758520800e+16
3.441346348136126800e+16
2.311249336802144000e+16
3.350422852323127200e+16
3.697866673540864000e+16
3.498201060218734800e+16
3.805499136572348000e+16
4.421241959450303200e+16
3.768256511789584000e+16
4.109181419908783200e+16
3.282238920049234800e+16
3.884742798053073600e+16
3.743377390606620000e+16
3.640023393279934400e+16
2.987950609425899600e+16
3.699526559488128000e+16
3.485456614648074800e+16
3.217821745968542400e+16
3.381489471506150400e+16
3.054788647297265600e+16
4.190319880233178400e+16
3.925553466728423200e+16
3.676836015534925600e+16
2.997911165675012800e+16
4.377202921784367200e+16
3.928212599769521600e+16
3.803094320560912000e+16
3.058381542599051200e+16
3.147305103874816000e+16
2.970406288021272000e+16
1.912170926805726800e+16
3.552617542908532000e+16
3.609834042110520800e+16
2.895508828726881200e+16
4.169624515193650400e+16
3.268616619470797200e+16
2.694775895790416800e+16
3.877425404471855200e+16
3.976047564447548800e+16
3.226281628578343600e+16
3.093904616810663200e+16
3.878928886955178400e+16
4.703789562570305600e+16
4.302201363001800800e+16
4.007699408675715200e+16
3.932547165644088000e+16
2.505240628545151600e+16
2.980767800792254800e+16
3.981035293816561600e+16
3.237013642685399600e+16
3.108371279013961600e+16
2.178153997188879600e+16
3.335142392781645600e+16
4.441980940878873600e+16
3.441964751793067200e+16
3.021571676350673200e+16
3.402233047074829600e+16
3.552630951928862000e+16
3.788208034283082400e+16
4.198993527811548800e+16
3.449129289817842000e+16
3.585159033004656800e+16
3.078580829053664400e+16
3.743884551647839200e+16
2.899913028106034800e+16
4.040737662982731200e+16
3.904620409163133600e+16
2.531758286604637200e+16
3.495749437761055200e+16
3.456991971568275600e+16
4.413597215662417600e+16
2.946355055040106800e+16
2.947832668417106000e+16
4.588753814140480800e+16
3.694766427800857600e+16
4.791584449576093600e+16
3.903820884071588000e+16
4.027374320293822400e+16
2.444505304004903600e+16
3.140263828557184400e+16
3.119984885687730000e+16
3.791555619852152000e+16
4.247938609181711200e+16
2.787862663210623200e+16
3.960938733575588000e+16
3.915469380363272000e+16
2.756783750172574400e+16
3.842734597362815200e+16
3.705386457695484800e+16
3.304685907707626000e+16
2.978257985374390400e+16
2.919636937622946000e+16
3.834923011461707200e+16
3.853699326483537600e+16
3.796559537550583200e+16
4.594002323226512000e+16
4.830895223113096000e+16
2.890710411246193200e+16
3.771669142492894400e+16
3.301849970377515600e+16
3.687293539232208000e+16
3.007594374772853200e+16
2.700998790138503200e+16
4.075099873826634400e+16
3.632147602179677600e+16
3.041116847609056800e+16
2.828061363211452800e+16
5.034089087828480000e+16
3.818381794172716800e+16
3.375847053991171600e+16
2.362520181133578400e+16
4.095558963686812000e+16
2.969140365002193200e+16
3.324252338726396000e+16
2.671167847357140400e+16
3.385977134492880000e+16
3.831550221979817600e+16
4.531958904719068000e+16
3.967542445736645600e+16
2.683958852190436800e+16
4.447373599345588000e+16
3.105589732896667600e+16
3.313133665128033600e+16
3.748073047267653600e+16
3.252498905047703200e+16
3.571098271922010400e+16
2.126648332328202400e+16
3.220302474329378000e+16
3.532548463772317600e+16
2.370747489275568800e+16
3.889712029946280800e+16
2.325296354172399600e+16
3.838569634323892000e+16
3.806905977685455200e+16
4.212889643958732000e+16
3.057359572133216800e+16
3.546663069334582000e+16
3.324964064620191200e+16
2.474412140350492000e+16
3.184538377936804000e+16
3.856616662913352000e+16
3.476739325680273200e+16
2.594668929248660800e+16
3.018235390313876000e+16
3.891506830995625600e+16
3.667135728442192000e+16
3.623133813974349600e+16
3.208045235444290800e+16
3.355797962826164800e+16
3.627539767769749600e+16
3.917797701632864800e+16
1.996143673598667200e+16
2.625241265884569200e+16
3.290816003619330000e+16
2.270588578644028800e+16
4.194109430309637600e+16
3.104560117907076800e+16
4.403372923595299200e+16
3.349633072050273200e+16
2.875796143494276000e+16
3.031987235846246400e+16
4.201193533394762400e+16
4.597367458929713600e+16
3.487860640684149600e+16
3.337210226764501600e+16
3.744222984901185600e+16
4.086334969231915200e+16
2.487491572404173200e+16
3.024726108530754400e+16
3.769776590452896800e+16
3.610988831572088800e+16
3.931681095119146400e+16
4.183470241480024800e+16
4.459590739407688000e+16
3.866751478724340000e+16
4.203128805281328000e+16
4.718217657281176000e+16
2.840052266057859600e+16
3.809683777507433600e+16
3.698858090610266400e+16
3.371479474703240800e+16
3.601048511321082400e+16
3.351214156636872800e+16
1.984250069666485600e+16
2.243091163402006800e+16
3.936272576211256800e+16
3.502128211311920800e+16
3.149153243809086000e+16
3.286739339540420800e+16
3.340165723491362000e+16
2.838659730568013600e+16
1.941258574918960000e+16
