2.202913994643043200e+16
3.258102224353952400e+16
4.887998500108717000e+15
3.073671545337386800e+16
2.096428446280721600e+16
2.809449817196256400e+16
2.059667816890251600e+16
3.231424518388732000e+16
2.853828067807087600e+16
3.023426398447570400e+16
3.274906656698866000e+16
2.514326759219961600e+16
3.667977294420672800e+16
3.524913103610081600e+16
3.004818152435312000e+16
3.086205387597229200e+16
2.899576019958799200e+16
3.500020384438475600e+16
2.761361883369900800e+16
3.089609703065061600e+16
2.194280622586955600e+16
2.684303356017758000e+16
2.673066745493543600e+16
2.622053059077806000e+16
2.057126148046785600e+16
1.792109612119134000e+16
2.225738712164529200e+16
2.156023302195388800e+16
1.746786647146337000e+16
2.249732043958786000e+16
2.122970542366700800e+16
2.825148522197363200e+16
2.611688387847888000e+16
1.685913735499315000e+16
2.642250603651000800e+16
2.175860805246586800e+16
1.963021462236759600e+16
1.996414829461489200e+16
2.304497786390245600e+16
2.808845395942883200e+16
2.375909739873943600e+16
2.661310162430453200e+16
2.394836082126884400e+16
2.799233589716526800e+16
2.490141723463205600e+16
1.677689426594207600e+16
1.997403248013971200e+16
2.742780302303276800e+16
2.225326360220180800e+16
2.411644047316358000e+16
1.082064576710181200e+16
2.672632810512764800e+16
2.042268094831876800e+16
2.972376734303925600e+16
2.990575677634727600e+16
2.520690712728506800e+16
2.164289148153434400e+16
2.198123410514018400e+16
2.143037689800040400e+16
2.066279068496093600e+16
2.323816706156628000e+16
2.187657088900959600e+16
2.074911529614674400e+16
2.013702422543962800e+16
2.377625937626903600e+16
1.982311652506421200e+16
3.602663252743542800e+16
2.826517147244931200e+16
2.868081665014568400e+16
2.578564626074124000e+16
2.335585152938362400e+16
3.072950138423007600e+16
2.964400937613500400e+16
2.902237716786015200e+16
2.068438198747206000e+16
2.383233496477716400e+16
3.113054725801304400e+16
2.615628802463320800e+16
2.610147401382742800e+16
3.106721308691429200e+16
2.757325000770049200e+16
3.021872305004974800e+16
2.760965007195696800e+16
2.508350690666188000e+16
2.380233767619064800e+16
2.784282311577538000e+16
2.247981230390702400e+16
2.149735881583737600e+16
1.605005900742730800e+16
2.212491664920756000e+16
1.975416596586098000e+16
2.394282212461610400e+16
2.722977262642382000e+16
2.626598521079894800e+16
2.754485907348826800e+16
2.957561985190176000e+16
2.710637220663546000e+16
2.148103140859293200e+16
2.961298968213065600e+16
3.527136994049054400e+16
2.744297494159469200e+16
2.991696861231638800e+16
3.282881507112656800e+16
2.336607767211894000e+16
2.983618115300529600e+16
2.350446395877009600e+16
2.651154536288686800e+16
2.771414380751188000e+16
3.468307886571596800e+16
2.958569403378694800e+16
3.203294705302196000e+16
3.095889298611189600e+16
2.654649849130973600e+16
2.770541265108836800e+16
2.709678990423198400e+16
2.613720013031187600e+16
2.903827041047721600e+16
2.841174547698037600e+16
3.759003639736791200e+16
2.390361293176492400e+16
3.128082416990682800e+16
2.688039042471656400e+16
2.329543160816555600e+16
3.342482188010176400e+16
2.673639070391976400e+16
1.830069201475754000e+16
3.100898142077143200e+16
3.046002430479696000e+16
3.376816135888158800e+16
2.381991795634566400e+16
1.940467819424465600e+16
2.237531577848625600e+16
3.081351604841091200e+16
3.567489747995494000e+16
2.817509336588038400e+16
2.736828122568829600e+16
1.554899043893564000e+16
2.867500622577586000e+16
2.972295642051571200e+16
1.825244310252683600e+16
2.658804759965750800e+16
2.814653241309276800e+16
3.143821592743986400e+16
2.996083373389564400e+16
2.779706531115404800e+16
3.266551520121084000e+16
2.513711074626165200e+16
3.260078991996154000e+16
2.798821260913900000e+16
2.411240958435801600e+16
3.412002004456897200e+16
2.648790930675923600e+16
2.764025453963334400e+16
2.732358089770110800e+16
1.928987577784728400e+16
2.694850902867382800e+16
2.420221176144768000e+16
1.931724805837459600e+16
2.624894903064697200e+16
2.696508500434248000e+16
2.556309288270383600e+16
3.340694723827719600e+16
3.343776954444002800e+16
2.839478917458685200e+16
3.730081513696227200e+16
2.213325332278148800e+16
2.167554203853327600e+16
2.054084507046057200e+16
3.011136914920134000e+16
1.581512319825143800e+16
2.312253035586376400e+16
3.140450948283114400e+16
3.176736669792922800e+16
2.401508233484996400e+16
2.688405540915304000e+16
2.465652137965146800e+16
3.102952942560601600e+16
2.847381584596397600e+16
1.745328357291767400e+16
3.090449351302538800e+16
3.434599091417195200e+16
2.783202033542801600e+16
2.783483778354805200e+16
2.894270572774185600e+16
2.945236727495102800e+16
2.777108229745982000e+16
1.992402301513255200e+16
2.103518018132312800e+16
2.527964678093951600e+16
3.320713972641815200e+16
2.457910593758318400e+16
2.600571238380130000e+16
3.390768014791210000e+16
2.888050755234191200e+16
3.127359347249729600e+16
2.760266734745319200e+16
1.644817250080755000e+16
3.247403940564689200e+16
2.867548623424069600e+16
3.256476727170730800e+16
2.596811481454839200e+16
2.823721106909070800e+16
3.579611694592625200e+16
2.404975305742010400e+16
1.901920661617240800e+16
2.872449071207270000e+16
3.021369313242584800e+16
3.484528946318171600e+16
3.193676916011047600e+16
2.371533644942465200e+16
2.827254341765202400e+16
3.568460747408358000e+16
3.123372604509205200e+16
3.067921179012835200e+16
2.754851101858883200e+16
3.197092963133284000e+16
2.523275275703591200e+16
2.947192777747244800e+16
2.018707206898234800e+16
1.887165166441210400e+16
2.353351694463042800e+16
2.420174559176282400e+16
2.779166179820738000e+16
2.575935343119008800e+16
1.970465241243683600e+16
2.747158054696001600e+16
2.366109553169857200e+16
2.852909526838985200e+16
1.621297396317195800e+16
2.999261706627346400e+16
2.296056631548268000e+16
2.445118896509648800e+16
2.945215149599167200e+16
3.456610486090506800e+16
2.723744551021710000e+16
3.374890875598802400e+16
3.261278166429275600e+16
2.891271000757961600e+16
2.685251890212525600e+16
3.089291382898992000e+16
2.679680938555200400e+16
3.067975561994558800e+16
2.685250698381115600e+16
3.309568022276335200e+16
2.548103850314494800e+16
1.719584146998531000e+16
3.538896363568313600e+16
2.551981828527521200e+16
2.685205692361219200e+16
3.384997690342312400e+16
3.382860768370085200e+16
2.663326188180347600e+16
2.956588932492938000e+16
2.875915093810301600e+16
2.807530353654553600e+16
2.708124776813400800e+16
3.054039712591061200e+16
2.982804944237820000e+16
2.503301460970926400e+16
2.873964802382488400e+16
3.275607920414614400e+16
2.885379447966756400e+16
3.413581125348943200e+16
2.940266206624008000e+16
3.089614354010484400e+16
2.969429413371176000e+16
2.400956386449526000e+16
3.479707828436275600e+16
3.243612589138024800e+16
2.747097622387883200e+16
2.025961091437970800e+16
3.100744663995104000e+16
3.292244739796698000e+16
3.206524280101232800e+16
2.940745690500130800e+16
2.047683022301942400e+16
2.360256932255325200e+16
3.493293919849714400e+16
3.023419653753598800e+16
2.974010300124992800e+16
2.947138676632387600e+16
2.876301503342870000e+16
3.060236490727262400e+16
2.509480743214159200e+16
3.497196091740936400e+16
3.089093647872889600e+16
3.017417505351026000e+16
2.651373565393840400e+16
3.364705611538856800e+16
2.723970437326312000e+16
2.725630809561355600e+16
2.128568653509104800e+16
2.691742714269178800e+16
2.908647574783728000e+16
2.914951244825559200e+16
2.651236253000869200e+16
2.649337847373188800e+16
3.339312385433664800e+16
2.753559376999966000e+16
3.052681868480077200e+16
2.828655802716194400e+16
2.961342802935999200e+16
2.984853277740894800e+16
2.492267589865643600e+16
2.376941221870514400e+16
2.822210985043017200e+16
3.153846067314916800e+16
2.840163271207014000e+16
2.801833013729785600e+16
3.030359067014914800e+16
2.778733620557571600e+16
3.531332560670918400e+16
2.839304910168227200e+16
2.861037736318798400e+16
2.721287619063882000e+16
2.759508084830135600e+16
2.906573264858618000e+16
2.454967940238998800e+16
3.547218933775872000e+16
2.193354493758041600e+16
3.078951358180919600e+16
3.191170995821957600e+16
3.003592943893818000e+16
1.874454173444670000e+16
3.159038437565521200e+16
3.054583096233889600e+16
2.967375941615105600e+16
3.552442225744237600e+16
2.705423188486802800e+16
2.309734043326360800e+16
3.236625152716039600e+16
2.650012323122536000e+16
3.120373734484969200e+16
2.610227677759576400e+16
2.486055076345062800e+16
3.474163529050679200e+16
2.898228799999999600e+16
2.823797272747288800e+16
2.880436387429320400e+16
3.151140531092064000e+16
3.473445613162199600e+16
3.371050333597623600e+16
2.121367207662414800e+16
2.804637817538562800e+16
3.273342203644976800e+16
2.932677887754299200e+16
3.162340818715429600e+16
2.773415336165604000e+16
2.800628057671754800e+16
2.686730870968725200e+16
2.636484842667096800e+16
3.165830389303409200e+16
2.000691520816428800e+16
2.969820897035484000e+16
2.723933042612546400e+16
2.360949963659150000e+16
2.951482817901810400e+16
2.612643337428306400e+16
3.212753012313530400e+16
2.701934553696389200e+16
2.954772400615887200e+16
3.189714247906824400e+16
2.757967297121466000e+16
2.101415066239662400e+16
2.754536051574661600e+16
3.237154019319535600e+16
3.383132331467877600e+16
2.862105170056680000e+16
2.639310967475876800e+16
2.347613681244589200e+16
2.529582669220467200e+16
2.985744935207146000e+16
2.487618872517968800e+16
3.163233625240068400e+16
3.280064384641606400e+16
2.023323836511291200e+16
2.668780990150472400e+16
2.877723477856567200e+16
3.300017590656118800e+16
3.230149595533886400e+16
3.107854220970484400e+16
2.687754204641182000e+16
1.763399935713934400e+16
2.856124888231261200e+16
3.068015404705611200e+16
2.129990913457674400e+16
2.945217489170875600e+16
2.891055362054722400e+16
1.911690028474392800e+16
2.956490861021022400e+16
2.931601878882265200e+16
2.180894640527569200e+16
2.728848296727471600e+16
2.662566398513004000e+16
2.544491232682673200e+16
3.182161326767400000e+16
2.218827856116647600e+16
2.667686287417193600e+16
2.953578118470135200e+16
3.166320578983967200e+16
1.844972352159497200e+16
2.949112522534883200e+16
1.889379058394285600e+16
3.187043739394285600e+16
2.974363803807210800e+16
2.805857506357976000e+16
3.472141497939985600e+16
3.010523125974016000e+16
2.977574641225817200e+16
3.696495071397341600e+16
3.204169713659361600e+16
3.503294399077615200e+16
3.071176836932127600e+16
3.087400310681752400e+16
3.093453955427276000e+16
2.954246034747391600e+16
3.212865403804284400e+16
2.840171317113403600e+16
3.115249381621524800e+16
2.933491313422996000e+16
2.527747447544361600e+16
2.650436673322976800e+16
3.142854821691920800e+16
3.070016248603459600e+16
2.606861923557144400e+16
2.806705019885811600e+16
3.350036553712603200e+16
3.477382490120646000e+16
3.193497078917770000e+16
3.488791579025792800e+16
2.900952683468131600e+16
2.634908136482180800e+16
3.378138512710398800e+16
3.165189147918545600e+16
3.094728318764139200e+16
3.123158821793140400e+16
2.765638188700824800e+16
3.599914289715028400e+16
3.218471039545198000e+16
2.662634527276042800e+16
2.764691515190116400e+16
3.077353803056230000e+16
2.885107826596983200e+16
2.778139678134334800e+16
3.210278542345965200e+16
2.961995937936712400e+16
3.039614100125256000e+16
2.809512776087158800e+16
3.349442610646650800e+16
3.384351338371624800e+16
3.005574588893456800e+16
3.230929437301693200e+16
3.135789476473137600e+16
3.300275477660402400e+16
3.072945464815066000e+16
2.947469740145261200e+16
3.077664230749791600e+16
3.192540239456376400e+16
2.289114125939579200e+16
2.511849945626286400e+16
3.473257666349755200e+16
2.535819963771166800e+16
3.147389531158080000e+16
2.180370098498104400e+16
3.138154066498082400e+16
2.625982840177243200e+16
3.579764333385676000e+16
2.571391988676667600e+16
3.166580897591884400e+16
2.848246312934271200e+16
2.966819359597959600e+16
2.758079198148292400e+16
3.329031011881430800e+16
2.991803818257266400e+16
2.501466676832820400e+16
2.597482865711873600e+16
2.939946262320853600e+16
2.705588009624813600e+16
3.041718022093349200e+16
2.045318184931922800e+16
2.953600971455279600e+16
2.805258992232191200e+16
2.076962190100657600e+16
2.005778590527150000e+16
3.174019845449796400e+16
2.620849259262972400e+16
3.215002991942865200e+16
3.250891913469794000e+16
2.351132813554498800e+16
3.080490750065447600e+16
2.499132683624129600e+16
2.786294206761030000e+16
2.370353096727743200e+16
3.284554255179100400e+16
2.910437795552605600e+16
2.596092797638426400e+16
3.404622632548693600e+16
2.845670112673028000e+16
2.485453796179104400e+16
3.202823076073126000e+16
3.171297590996380000e+16
2.829537196036535600e+16
2.500848491712672800e+16
2.710270321358397600e+16
3.134895053458900800e+16
2.639319223727984800e+16
2.719418011762540800e+16
2.950750094534499600e+16
2.651945795665510000e+16
2.574537868467228400e+16
3.146295392236696800e+16
2.713135802815172000e+16
2.878791135314830400e+16
2.781573433996043200e+16
3.730617293292505600e+16
2.255003495128102800e+16
3.139783807584840000e+16
1.102842915260336800e+16
2.463551337427396800e+16
2.296527576692213200e+16
2.162648849178804800e+16
3.027684590346447200e+16
3.899300952130158400e+16
2.195970527613316800e+16
2.073375774887542000e+16
2.692631527543002000e+16
2.906470478521217600e+16
3.199443077811529600e+16
3.280399081314229200e+16
2.537572559119056400e+16
2.745271911936898000e+16
2.538025740293071200e+16
2.714152553424797600e+16
3.346811835993726400e+16
3.245950546300421600e+16
3.176598701369264400e+16
3.640013691156512800e+16
3.049465337180658400e+16
3.005894784067174800e+16
3.013472752773902800e+16
2.514487785728139600e+16
2.653532214540183600e+16
3.135802437224208800e+16
3.271066738902203200e+16
2.915723248886977600e+16
3.436526754890589200e+16
3.112524499720681200e+16
2.889695778882389600e+16
2.312017607674290400e+16
3.118982811055012000e+16
2.487355379282146800e+16
3.026125208702922000e+16
2.553192495439120400e+16
2.208034923521001200e+16
2.257756939971546400e+16
2.730019105525676800e+16
3.174819777409446000e+16
2.995387013507456400e+16
3.226374816088422400e+16
2.834905595982685600e+16
2.983781860379642400e+16
2.202662535453872000e+16
2.854424071160728800e+16
2.995820932457842000e+16
3.901411946037196000e+16
2.827325971539790000e+16
2.891451806359471600e+16
2.717826172180122000e+16
2.951330841184220000e+16
3.065899168372934000e+16
2.878826667047430000e+16
2.835497943605315200e+16
3.430674572138670400e+16
2.854986775873550400e+16
3.715263259329324800e+16
2.592904413556905600e+16
2.390590891894372000e+16
2.993890103852611600e+16
2.828600191042196400e+16
2.756452973463012400e+16
2.528132255778605600e+16
3.181910659656690000e+16
2.107149882354360000e+16
2.676626782560479600e+16
2.868973129893327200e+16
2.984995350451732000e+16
2.784580371958428800e+16
3.077935919524355200e+16
2.741396715011197600e+16
3.425913486264627600e+16
3.207451205184204000e+16
3.179877854150449200e+16
3.413640231178146400e+16
3.088832185742668800e+16
2.925224804157979200e+16
3.191639446721402400e+16
3.191518775017583200e+16
3.272347833964407600e+16
3.170092532403462000e+16
2.732776284454784000e+16
3.007574228513833200e+16
2.794715918278442400e+16
2.634007312240174800e+16
2.932997127111364800e+16
3.476419193708174400e+16
2.290001394155849600e+16
2.810867069426859600e+16
3.000038731751330400e+16
3.293670497297602800e+16
2.287983583101010400e+16
2.691580864917395600e+16
3.287060808080944800e+16
2.402177899073178400e+16
3.410004427374136400e+16
3.421275169089162400e+16
2.540117933884061200e+16
1.157599654468821800e+16
2.433412466872265600e+16
2.885651429209879600e+16
2.907136849783452800e+16
2.572668127785293200e+16
3.071823330104827600e+16
2.860245746548829600e+16
2.484884901701767600e+16
2.733907776667943200e+16
3.063057212244862000e+16
2.768323269225070400e+16
1.943265469508966400e+16
2.275298492235820400e+16
2.824050488163132000e+16
2.786336277954974800e+16
2.699896922117210000e+16
3.475809461959390800e+16
3.093628942569340800e+16
3.429871946597168400e+16
2.643874580670447600e+16
3.569423870186849600e+16
2.921757253895579600e+16
2.635992399141081200e+16
2.067170835990863200e+16
3.150045830192776400e+16
2.494587231087005200e+16
2.474203529799954400e+16
2.559295769295713600e+16
2.599084839992612000e+16
3.309858977143985600e+16
3.218983457474472400e+16
2.946278318272087600e+16
2.475752765710600000e+16
3.546260425530876400e+16
2.722767425842171600e+16
3.221826137325928800e+16
2.120957364090040800e+16
2.688150488196062000e+16
2.435478883650116800e+16
1.493056198967915800e+16
3.038057895735530400e+16
3.003532552066058400e+16
2.431447577416831600e+16
3.020036056051609200e+16
2.971800007599524000e+16
2.348126419107217200e+16
2.960020993899745200e+16
3.123310624368650800e+16
2.509812408684532000e+16
2.332344740814682800e+16
3.242539126397961600e+16
3.693260801968834400e+16
3.552201145679772000e+16
2.927734068820492800e+16
3.249890414380748400e+16
2.085218991715236400e+16
2.296146867914203600e+16
2.964303961771285200e+16
2.344713283837309600e+16
2.472435469552468800e+16
1.754383505938095400e+16
2.878754788588595200e+16
3.204827878440974400e+16
2.682196562987018800e+16
2.447848906758810000e+16
2.746554176656030800e+16
2.693234327725456000e+16
3.083448466758669200e+16
3.465553011636861600e+16
3.037128496080622400e+16
2.976028748351287200e+16
2.314338034078187600e+16
3.184006415920501600e+16
2.363902760337746800e+16
3.554701759848249200e+16
3.048253406386254800e+16
2.144485669865832800e+16
2.798857176899450000e+16
2.423275822366524400e+16
3.777070390781684000e+16
2.323713731367804000e+16
2.163182267501877600e+16
3.704123771077204800e+16
2.888094153423828800e+16
3.788846675960663200e+16
3.313781839235789200e+16
3.066074920676749200e+16
1.606379684098461800e+16
2.595159376659811600e+16
2.801740254433646800e+16
3.151054111412885600e+16
3.518067052919268000e+16
2.261155216794923200e+16
3.065071177596634400e+16
3.259313018769481200e+16
2.224230191712008400e+16
3.205993527067279200e+16
3.003196657737205200e+16
2.764851658606422000e+16
2.396039428205433600e+16
2.273243542587946800e+16
3.215265965933716000e+16
3.022003023535610000e+16
3.294934292338350800e+16
3.817490898628784000e+16
3.549255416998675200e+16
2.170932586259545200e+16
3.060042244512396000e+16
2.818078953352881600e+16
2.897624591060274000e+16
2.114031544238271600e+16
2.003062782722187600e+16
3.465747313553484800e+16
3.066507342905486800e+16
2.174775514101974400e+16
2.359620536863159600e+16
3.575207145970006800e+16
3.112479544326789200e+16
3.163433968331517600e+16
1.710451456794798200e+16
3.192043204181818400e+16
2.438796460871944800e+16
2.393196045407120800e+16
1.498939026133867400e+16
2.699749554236398400e+16
3.161435017727124400e+16
3.304708432449542000e+16
3.197029989159130800e+16
2.232996401131888800e+16
3.860083391724539200e+16
2.545283430784925200e+16
2.564377048044254000e+16
2.896547757445039600e+16
2.667983676465250400e+16
3.160123598031261200e+16
1.665411039606913200e+16
2.469358166670915200e+16
2.950171678207959600e+16
1.885312486016163200e+16
2.792773026249870400e+16
1.806138905098163200e+16
3.064749897475093600e+16
2.992940651888643600e+16
3.350293927027636000e+16
2.526366659946482000e+16
2.922893200737572400e+16
2.563899867362941200e+16
2.210421658492153600e+16
2.743675172829303200e+16
3.004898926596266400e+16
2.604314130253794800e+16
1.977578151261028400e+16
1.968444468118876800e+16
2.266873498596821200e+16
2.824913919317004800e+16
3.170084374225750400e+16
2.587788867043861200e+16
2.395055296314342000e+16
2.715263591731661600e+16
3.131145951333214000e+16
1.714215047795812600e+16
2.090996429890091600e+16
2.735603217939139600e+16
1.384064779351238200e+16
3.080343157759316800e+16
2.394156386883239600e+16
3.327571147145098000e+16
2.983062431822826000e+16
2.150222777005705200e+16
2.150775060488480800e+16
3.197447288020796000e+16
3.361330767873825200e+16
2.879577503322441600e+16
2.882954870377307200e+16
3.265022401259821600e+16
2.930502860942556800e+16
1.758234484038377400e+16
2.084032639125809600e+16
2.664387782380170000e+16
2.986006443829014800e+16
3.050403299012618800e+16
2.637510814909735600e+16
3.406281984054059200e+16
2.752826065007424400e+16
2.895745732848254400e+16
3.662019090439136800e+16
1.550078978432306400e+16
2.787546308830383200e+16
3.206261990907100400e+16
2.364750336006912400e+16
2.479556530666232400e+16
2.480290686952623200e+16
1.779622911826751200e+16
1.472842053700727400e+16
2.576005392401535600e+16
2.367924768490183600e+16
1.693837764978700200e+16
2.595059810782742000e+16
2.624553498067609200e+16
2.181831655783361600e+16
1.565250615901679200e+16
